1400431541 78.62091
1400431551 76.97082
1400431561 76.18546
1400431572 77.53086
1400431582 78.4471
1400431592 76.6983
1400431603 77.57163
1400431613 77.80552
1400431623 75.9666
1400431633 77.26264
1400431644 77.53086
1400431654 77.46434
1400431664 77.46863
1400431675 75.7091
1400431685 76.29061
1400431695 74.11909
1400431705 73.37451
1400431715 75.28853
1400431726 75.24347
1400431736 75.31214
1400431746 75.08254
1400431756 75.24347
1400431767 75.55246
1400431777 73.24362
1400431787 75.41299
1400431797 73.68994
1400431807 71.6064
1400431818 74.32723
1400431828 74.77784
1400431838 74.65982
1400431849 73.41957
1400431859 74.58043
1400431869 74.99027
1400431879 73.11273
1400431889 74.5697
1400431900 73.80581
1400431910 73.41742
1400431920 72.4411
1400431931 73.8101
1400431941 74.13626
1400431951 71.97332
1400431961 73.89593
1400431971 74.02253
1400431982 74.0118
1400431992 72.36385
1400432002 73.41957
1400432012 74.12124
1400432023 73.87662
1400432033 72.70288
1400432043 73.99464
1400432053 74.04614
1400432063 71.97762
1400432074 73.82727
1400432084 74.00107
1400432094 73.82512
1400432104 73.39811
1400432115 73.87447
1400432125 73.59767
1400432135 71.9862
1400432145 73.29726
1400432155 73.6599
1400432166 73.89808
1400432176 73.63629
1400432186 73.92812
1400432197 74.12124
1400432207 72.03984
1400432217 73.94528
1400432227 74.15986
1400432237 71.9862
1400432248 73.2007
1400432258 74.00751
1400432268 74.09978
1400432279 72.81446
1400432289 73.78864
1400432299 74.08905
1400432309 72.82949
1400432319 73.90022
1400432330 73.75646
1400432340 73.58694
1400432350 71.9347
1400432360 73.87447
1400432371 74.16415
1400432381 74.16201
1400432391 72.54624
1400432401 73.9603
1400432411 73.59338
