1399988164 113.051891
1399988166 113.236427
1399988169 113.478899
1399988171 113.596916
1399988173 113.633394
1399988175 113.680601
1399988178 115.356445
1399988180 113.332987
1399988182 113.717079
1399988184 113.757849
1399988186 113.152742
1399988189 113.596916
1399988191 113.451004
1399988193 113.294363
1399988195 113.380194
1399988197 113.500357
1399988200 113.689184
1399988202 112.867355
1399988204 112.644196
1399988207 112.596989
1399988209 112.64205
1399988211 112.654924
1399988213 112.599134
1399988215 112.599134
1399988217 112.569094
1399988220 112.886667
1399988222 112.337351
1399988224 112.519741
1399988226 112.646341
1399988229 112.704277
1399988231 112.45966
1399988233 109.105825
1399988235 108.994246
1399988238 108.908415
1399988240 109.131575
1399988242 109.035015
1399988244 109.185219
1399988246 109.234571
1399988249 109.191656
1399988251 108.831167
1399988253 107.558727
1399988255 107.919216
1399988257 108.030796
1399988260 108.138084
1399988262 108.099461
1399988264 108.702421
1399988266 107.543707
1399988269 108.009338
1399988271 108.041525
1399988273 108.082294
1399988275 108.101606
1399988277 107.94282
1399988280 107.822657
1399988282 107.676744
1399988284 108.045816
1399988286 108.112335
1399988289 108.020067
1399988291 107.908487
1399988293 107.573748
1399988295 107.646704
1399988297 108.060837
1399988300 108.060837
1399988302 107.932091
1399988304 107.878447
1399988306 107.728243
1399988309 107.721806
1399988311 107.79047
1399988313 107.964277
1399988315 107.852697
1399988317 108.020067
1399988320 108.12521
1399988322 108.037233
1399988324 107.530832
1399988326 107.923508
1399988329 108.060837
1399988331 108.075857
1399988333 108.032942
1399988335 107.923508
1399988337 107.582331
1399988340 108.017921
1399988342 107.925653
1399988344 107.953548
1399988346 107.985735
1399988349 108.041525
1399988351 107.638121
1399988353 107.691765
1399988355 108.050108
1399988357 108.056545
1399988360 107.953548
1399988362 107.895613
1399988364 107.717514
1399988366 107.646704
1399988369 107.983589
1399988371 108.060837
1399988373 107.996464
1399988375 107.91707
1399988377 107.899904
1399988380 107.829094
1399988382 107.530832
1399988384 108.039379
1399988386 107.99861
1399988389 108.073711
1399988391 108.002901
1399988393 107.981443
1399988395 107.500792
1399988397 107.899904
1399988400 108.178854
1399988402 107.908487
1399988404 107.947111
1399988406 107.983589
1399988409 107.784033
1399988411 107.586622
1399988413 107.878447
1399988415 107.872009
1399988417 107.975006
1399988420 108.015776
1399988422 108.026505
1399988424 107.597351
1399988426 107.889175
1399988429 107.90205
1399988431 107.987881
1399988433 108.01363
1399988435 107.672453
1399988437 107.597351
1399988440 107.932091
1399988442 107.895613
1399988444 107.934237
1399988446 107.992172
1399988449 107.865572
1399988451 107.672453
1399988453 107.655287
1399988455 107.927799
1399988457 107.893467
1399988460 108.279705
1399988462 107.99861
1399988464 107.79047
1399988466 107.541561
1399988469 107.865572
1399988471 107.826948
1399988473 107.878447
1399988475 107.975006
1399988478 108.022213
1399988480 107.646704
1399988482 107.822657
1399988484 107.912779
1399988486 107.880592
1399988489 107.962132
1399988491 108.039379
1399988493 107.633829
1399988495 107.708931
1399988498 107.934237
1399988500 107.893467
1399988502 107.869864
1399988504 107.947111
1399988506 107.676744
1399988509 107.646704
1399988511 107.921362
1399988513 108.039379
1399988515 107.959986
1399988518 107.854843
1399988520 108.208895
1399988522 107.826948
1399988524 107.745409
1399988526 108.022213
1399988529 108.01363
1399988531 107.996464
1399988533 107.927799
1399988535 107.708931
1399988537 107.445002
1399988540 107.856989
1399988542 107.904196
1399988544 107.983589
1399988546 108.000755
1399988549 107.934237
1399988551 107.556581
1399988553 107.462168
1399988555 107.897758
1399988558 107.959986
1399988560 107.977152
1399988562 108.01363
1399988564 107.769012
1399988566 107.599497
1399988569 107.951403
1399988571 107.932091
1399988573 107.897758
1399988575 107.953548
1399988577 107.970715
1399988580 108.054399
1399988582 107.638121
1399988584 107.979298
1399988586 107.91707
1399988589 107.856989
1399988591 107.874155
1399988593 107.914925
1399988595 107.642412
1399988598 108.095169
1399988600 108.020067
1399988602 107.884884
1399988604 107.869864
1399988606 107.784033
1399988609 107.530832
1399988611 107.578039
1399988613 107.953548
1399988615 107.95784
1399988617 107.929945
1399988620 107.968569
1399988622 107.979298
1399988624 107.595205
1399988626 107.994318
1399988629 108.026505
1399988631 107.996464
1399988633 107.90205
1399988635 107.912779
1399988637 107.545853
1399988640 107.934237
1399988642 107.975006
1399988644 108.017921
1399988646 107.97286
1399988649 107.908487
1399988651 107.713223
1399988653 107.509375
1399988655 107.964277
1399988658 108.041525
1399988660 108.058691
1399988662 108.002901
1399988664 107.781887
1399988666 107.588768
1399988669 107.614517
1399988671 108.020067
1399988673 107.992172
1399988675 108.045816
1399988677 108.041525
1399988680 108.099461
1399988682 107.550144
1399988684 107.921362
1399988686 107.934237
1399988689 108.000755
1399988691 108.017921
1399988693 108.005047
1399988695 107.588768
1399988697 107.839823
1399988700 108.262539
1399988702 107.964277
1399988704 107.97286
1399988706 107.893467
1399988709 107.51152
1399988711 107.535124
1399988713 107.865572
1399988715 107.90205
1399988717 107.947111
1399988720 107.975006
1399988722 107.936382
1399988724 107.625246
1399988726 107.835531
1399988729 107.936382
1399988731 108.007193
1399988733 107.968569
1399988735 107.944965
1399988737 107.910633
1399988740 107.590914
1399988742 107.932091
1399988744 107.981443
1399988746 107.91707
1399988749 107.925653
1399988751 108.000755
1399988753 107.541561
1399988755 107.912779
1399988757 107.996464
1399988760 108.241081
1399988762 107.990026
1399988764 107.99861
1399988766 107.601643
1399988769 107.599497
1399988771 108.007193
1399988773 107.990026
1399988775 107.990026
1399988777 108.002901
1399988780 107.814074
1399988782 107.612371
1399988784 107.925653
1399988786 107.893467
1399988789 107.925653
1399988791 107.949257
1399988793 107.929945
1399988795 107.826948
1399988798 107.582331
1399988800 108.011484
1399988802 108.005047
1399988804 107.970715
1399988806 107.938528
1399988809 107.882738
1399988811 107.545853
1399988813 107.627392
1399988815 107.86128
1399988817 107.869864
1399988820 108.183146
1399988822 107.86128
1399988824 107.558727
1399988826 107.575893
1399988829 107.970715
1399988831 108.035088
1399988833 107.990026
1399988835 107.964277
1399988837 107.588768
1399988840 107.532978
1399988842 107.696056
1399988844 107.981443
1399988846 107.949257
1399988849 107.970715
1399988851 108.026505
1399988853 107.919216
1399988855 105.376482
1399988857 105.606079
1399988860 105.775595
1399988862 105.998755
1399988864 108.290434
1399988866 107.792616
1399988869 107.277632
1399988871 107.322693
1399988873 107.299089
1399988875 108.009338
1399988877 108.811855
1399988880 107.983589
1399988882 108.670235
1399988884 110.466242
1399988886 110.914707
1399988889 110.976934
1399988891 110.983372
1399988893 111.013412
1399988895 110.873938
1399988897 110.901833
1399988900 112.620592
1399988902 111.725807
1399988904 111.013412
1399988906 110.721588
1399988909 110.631466
1399988911 110.333204
1399988913 110.713005
1399988915 111.152887
1399988918 111.178637
1399988920 111.079931
1399988922 111.114264
1399988924 109.640121
1399988926 109.618664
1399988929 111.157179
1399988931 110.101461
1399988933 110.206604
1399988935 110.069275
1399988937 109.680891
1399988940 109.601498
1399988942 109.755993
1399988944 110.02636
1399988946 110.088587
1399988949 110.122919
1399988951 110.159397
1399988953 106.895685
1399988955 106.648922
1399988957 106.899977
1399988960 106.837749
1399988962 106.809855
1399988964 106.859207
1399988966 106.734753
1399988969 106.522322
1399988971 106.721878
1399988973 105.745554
1399988975 103.333712
1399988977 103.179216
1399988980 103.34444
1399988982 102.951765
1399988984 104.279995
1399988986 104.496717
1399988989 105.48377
1399988991 104.580402
1399988993 105.026722
1399988995 105.440855
1399988997 106.108189
1399989000 106.981516
1399989002 105.717659
1399989004 107.666016
1399989006 108.017921
1399989009 108.427763
1399989011 108.168125
1399989013 107.895613
1399989015 108.329058
1399989017 108.320475
1399989020 108.294725
1399989022 110.288143
1399989024 108.19602
1399989026 108.095169
1399989029 107.925653
1399989031 108.187437
1399989033 108.258247
1399989035 108.178854
1399989037 108.234644
1399989040 107.88703
1399989042 107.71966
1399989044 107.395649
1399989046 107.44071
1399989049 107.412815
1399989051 107.412815
1399989053 107.279778
1399989055 107.002974
1399989057 107.359171
1399989060 107.48148
1399989062 107.419252
1399989064 107.342005
1399989066 107.410669
1399989069 107.095242
1399989071 107.02014
1399989073 107.387066
1399989075 104.576111
1399989077 104.131937
1399989080 104.112625
1399989082 103.282213
1399989084 101.42827
1399989086 101.587057
1399989089 101.902485
1399989091 101.816654
1399989093 101.59564
1399989095 101.587057
1399989097 101.507664
1399989100 101.35746
1399989102 101.617098
1399989104 101.8188
1399989106 101.629972
1399989109 101.745844
1399989111 101.74799
1399989113 101.241589
1399989115 101.606369
1399989117 101.831675
1399989120 101.844549
1399989122 101.295233
1399989124 100.739479
1399989126 101.089239
1399989129 101.123571
1399989131 101.0077
1399989133 101.473331
1399989135 102.181435
1399989138 103.112698
1399989140 103.666306
1399989142 102.780104
1399989144 103.578329
1399989146 103.335857
1399989149 102.694273
1399989151 104.046106
1399989153 104.717731
1399989155 105.670452
1399989158 105.829239
1399989160 105.912924
1399989162 105.775595
1399989164 105.376482
1399989166 105.260611
1399989169 105.876446
1399989171 106.515884
1399989173 107.166052
1399989175 106.548071
1399989178 106.492281
1399989180 105.63612
1399989182 105.908632
1399989184 106.809855
1399989186 106.730461
1399989189 106.676817
1399989191 106.655359
1399989193 106.683254
1399989195 104.159832
1399989198 104.831457
1399989200 104.876518
1399989202 104.805708
1399989204 104.011774
1399989206 104.157686
1399989209 103.612661
1399989211 103.541851
1399989213 104.159832
1399989215 104.091167
1399989218 103.986025
1399989220 103.940964
1399989222 103.674889
1399989224 101.612806
1399989226 102.608442
1399989229 102.316618
1399989231 102.496862
1399989233 102.988243
1399989235 102.039814
1399989238 101.675034
1399989240 101.685762
1399989242 102.23937
1399989244 101.179361
1399989246 101.020575
1399989249 101.059198
1399989251 101.059198
1399989253 100.507736
1399989255 101.016283
1399989258 101.027012
1399989260 101.095676
1399989262 101.076365
1399989264 101.166487
1399989266 100.50559
1399989269 100.741625
1399989271 101.044178
1399989273 101.039886
1399989275 98.711729
1399989278 98.595858
1399989280 98.276138
1399989282 98.248243
1399989284 100.095749
1399989286 100.30818
1399989289 101.288795
1399989291 101.059198
1399989293 100.104332
1399989295 99.6387
1399989298 101.325274
1399989300 102.089167
1399989302 102.953911
1399989304 103.033304
1399989306 103.134155
1399989309 103.101969
1399989311 102.647066
1399989313 103.318691
1399989315 103.219986
1399989318 103.288651
1399989320 103.125572
1399989322 105.121136
1399989324 102.90885
1399989326 103.32942
1399989329 103.074074
1399989331 103.114843
1399989333 103.348732
1399989335 103.134155
1399989338 102.941036
1399989340 102.730751
1399989342 102.739334
1399989344 102.468967
1399989347 102.363825
1399989349 102.23937
1399989351 102.271557
1399989353 101.896048
1399989355 102.541924
1399989358 102.46253
1399989360 102.556944
1399989362 102.275848
1399989364 102.355242
1399989367 102.140665
1399989369 101.87459
1399989371 102.496862
1399989373 99.816799
1399989376 100.07
1399989378 99.919796
1399989380 99.868298
1399989382 99.482059
1399989384 100.256681
1399989387 100.012064
1399989389 100.08502
1399989391 99.891901
1399989393 98.507881
1399989395 98.263264
1399989398 98.147392
1399989400 98.85335
1399989402 98.849058
1399989404 98.761082
1399989407 98.610878
1399989409 96.477985
1399989411 95.982313
1399989413 96.578836
1399989415 96.600294
1399989418 97.720385
1399989420 97.759008
1399989422 98.990679
1399989424 97.928524
1399989427 98.359823
1399989429 98.829746
1399989431 99.947691
1399989433 99.713802
1399989435 102.037668
1399989438 100.726604
1399989440 100.539923
1399989442 101.263046
1399989444 101.336002
1399989447 101.308107
1399989449 101.102114
1399989451 101.018429
1399989453 100.53134
1399989455 101.640701
1399989458 101.829529
1399989460 100.750208
1399989462 100.488424
1399989464 100.565672
1399989467 100.046396
1399989469 100.606441
1399989471 100.85535
1399989473 100.838184
1399989475 99.784613
1399989478 99.795341
1399989480 99.381208
1399989482 99.595785
1399989484 100.655794
1399989487 100.080729
1399989489 99.853277
1399989491 99.773884
1399989493 99.593639
1399989495 99.368334
1399989498 99.992752
1399989500 100.078583
1399989502 99.949837
1399989504 98.28043
1399989507 97.559452
1399989509 97.683907
1399989511 97.162485
1399989513 97.801924
1399989515 97.780466
1399989518 97.731113
1399989520 98.220348
1399989522 96.535921
1399989524 95.870733
1399989527 96.621752
1399989529 96.615314
1399989531 96.585274
1399989533 96.366405
1399989535 96.488714
1399989538 94.413757
1399989540 93.737841
1399989542 94.411612
1399989544 94.473839
1399989547 94.192743
1399989549 95.299959
1399989551 96.555233
1399989553 96.199036
1399989555 95.716238
1399989558 96.076727
1399989560 96.042395
1399989562 96.574545
1399989564 97.737551
1399989567 97.314835
1399989569 97.284794
1399989571 98.022938
1399989573 98.143101
1399989575 98.093748
1399989578 97.823381
1399989580 97.967148
1399989582 97.314835
1399989584 99.494934
1399989587 98.181725
1399989589 98.15383
1399989591 97.668886
1399989593 97.872734
1399989595 97.598076
1399989598 97.426414
1399989600 98.338366
1399989602 98.267555
1399989604 97.593784
1399989607 97.306252
1399989609 97.439289
1399989611 96.827745
1399989613 97.338438
1399989615 97.774029
1399989618 97.58091
1399989620 97.385645
1399989622 97.578764
1399989624 96.812725
1399989627 96.947908
1399989629 97.465038
1399989631 97.555161
1399989633 96.709728
1399989635 95.081091
1399989638 95.214128
1399989640 94.789267
1399989642 95.432997
1399989644 95.643282
1399989647 95.508099
1399989649 95.248461
1399989651 95.323563
1399989653 93.8344
1399989655 93.87517
1399989658 94.282866
1399989660 94.413757
1399989662 94.179869
1399989664 94.109058
1399989667 94.197035
1399989669 93.549013
1399989671 94.252825
1399989673 92.160702
1399989675 92.055559
1399989678 91.901064
1399989680 92.128515
1399989682 91.564178
1399989684 92.956781
1399989687 94.752789
1399989689 94.561815
1399989691 93.518972
1399989693 93.473911
1399989695 94.173431
1399989698 93.697071
1399989700 95.362186
1399989702 95.362186
1399989704 95.336437
1399989707 95.297813
1399989709 95.2034
1399989711 94.950199
1399989713 95.641136
1399989715 95.774174
1399989718 95.598221
1399989720 95.731258
1399989722 97.06378
1399989724 95.767736
1399989727 94.815016
1399989729 95.602512
1399989731 95.928669
1399989733 95.741987
1399989735 95.508099
1399989738 95.821381
1399989740 94.420195
1399989742 94.993114
1399989744 95.132589
1399989747 94.90943
1399989749 94.763517
1399989751 95.351458
1399989753 94.194889
1399989755 94.235659
1399989758 94.958782
1399989760 95.100403
1399989762 94.712019
1399989764 94.849348
1399989767 94.651937
1399989769 93.89019
1399989771 92.995405
1399989773 93.115568
1399989775 93.199253
1399989778 93.152046
1399989780 93.132734
1399989782 92.630625
1399989784 93.207836
1399989787 93.201399
1399989789 92.164993
1399989791 91.98904
1399989793 91.864586
1399989795 91.948271
1399989798 91.214418
1399989800 91.673613
1399989802 92.137098
1399989804 92.008352
1399989807 91.768026
1399989809 91.759443
1399989811 91.059923
1399989813 92.087746
1399989815 92.122078
1399989818 92.036247
1399989820 91.90321
1399989822 91.875315
1399989824 91.062069
1399989827 91.838837
1399989829 92.089891
1399989831 92.087746
1399989833 91.798067
1399989835 91.864586
1399989838 91.278791
1399989840 91.143608
1399989842 92.147827
1399989844 92.177868
1399989847 92.001915
1399989849 91.928959
1399989851 91.909647
1399989853 91.17794
1399989855 92.117786
1399989858 92.134953
1399989860 92.107058
1399989862 91.894627
1399989864 91.913939
1399989867 91.66503
1399989869 91.070652
1399989871 92.147827
1399989873 92.152119
1399989875 89.873314
1399989878 89.491367
1399989880 89.742422
1399989882 88.866949
1399989884 89.877605
1399989887 90.99555
1399989889 91.718674
1399989891 92.2122
1399989893 91.216564
1399989895 90.79814
1399989898 90.504169
1399989900 91.785192
1399989902 93.209982
1399989904 92.875242
1399989907 92.701435
1399989909 92.611313
1399989911 92.102766
1399989913 93.167067
1399989915 93.130589
1399989918 93.038321
1399989920 92.870951
1399989922 93.903065
1399989924 93.827963
1399989927 92.094183
1399989929 93.053341
1399989931 93.415976
1399989933 93.102694
1399989935 92.778683
1399989938 92.931032
1399989940 92.128515
1399989942 93.242168
1399989944 92.544794
1399989947 92.587709
1399989949 92.235804
1399989951 92.240095
1399989953 91.594219
1399989955 92.199326
1399989958 92.557669
1399989960 92.549086
1399989962 92.113495
1399989964 92.139244
1399989967 91.999769
1399989969 91.555595
1399989971 92.349529
1399989973 91.042757
1399989976 91.171503
1399989978 90.851784
1399989980 90.88397
1399989982 90.081453
1399989984 90.405464
1399989987 91.081381
1399989989 91.006279
1399989991 91.139317
1399989993 89.519262
1399989995 89.360476
1399989998 88.806868
1399990000 89.753151
1399990002 89.81967
1399990004 89.781046
1399990007 89.424849
1399990009 87.379932
1399990011 86.963654
1399990013 87.188959
1399990015 87.667465
1399990018 88.296175
1399990020 88.538647
1399990022 89.278936
1399990024 89.802504
1399990027 88.341236
1399990029 89.315414
1399990031 89.255333
1399990033 90.665102
1399990035 90.055704
1399990038 90.338945
1399990040 89.714527
1399990042 90.313196
1399990044 90.639353
1399990047 90.583563
1399990049 90.525627
1399990051 90.242386
1399990053 89.654446
1399990056 91.021299
1399990058 90.821743
1399990060 91.175795
1399990062 90.482712
1399990064 90.362549
1399990067 90.368986
1399990069 89.793921
1399990071 89.557886
1399990073 90.789557
1399990075 90.135098
1399990078 89.761734
1399990080 89.774609
1399990082 89.54072
1399990084 88.982821
1399990087 90.439796
1399990089 90.130806
1399990091 91.652155
1399990093 89.729548
1399990095 89.918375
1399990098 89.021444
1399990100 89.218855
1399990102 90.171576
1399990104 88.63306
1399990107 88.843346
1399990109 88.553667
1399990111 88.176012
1399990113 87.708235
1399990115 88.772535
1399990118 88.809013
1399990120 89.609385
1399990122 88.375568
1399990124 87.221146
1399990127 86.560249
1399990129 86.933613
1399990131 87.691069
1399990133 87.637424
1399990135 87.392807
1399990138 87.249041
1399990140 87.276936
1399990142 85.656881
1399990144 85.403681
1399990147 85.292101
1399990149 85.448742
1399990151 85.204124
1399990153 84.678411
1399990155 86.077452
1399990158 87.607384
1399990160 87.912083
1399990162 86.946487
1399990164 86.654663
1399990167 86.214781
1399990169 87.420702
1399990171 88.54723
1399990173 88.002205
1399990175 87.671757
1399990178 87.594509
1399990180 87.770462
1399990182 86.74264
1399990184 87.538719
1399990187 87.899208
1399990189 87.920666
1399990191 88.536501
1399990193 89.158773
1399990196 87.002277
1399990198 86.761951
1399990200 88.017225
1399990202 88.133097
1399990204 87.980747
1399990207 87.667465
1399990209 87.73613
1399990211 86.970091
1399990213 87.45718
1399990215 87.592363
1399990218 87.626696
1399990220 87.231874
1399990222 87.44216
1399990224 87.843418
1399990227 86.298466
1399990229 87.549448
1399990231 87.598801
1399990233 87.279081
1399990235 87.279081
1399990238 87.459326
1399990240 86.42292
1399990242 86.751223
1399990244 86.727619
1399990247 86.785555
1399990249 86.446524
1399990251 86.242676
1399990253 85.678339
1399990255 85.339308
1399990258 86.57527
1399990260 85.987329
1399990262 85.186958
1399990264 84.995985
1399990267 85.075378
1399990269 84.300756
1399990271 84.536791
1399990273 85.375786
1399990275 85.296392
1399990278 84.950924
1399990280 84.955215
1399990282 84.534645
1399990284 84.111929
1399990287 85.384369
1399990289 85.335016
1399990291 85.118294
1399990293 84.995985
1399990295 85.047483
1399990298 84.15699
1399990300 84.787846
1399990302 85.420847
1399990305 85.386515
1399990307 85.105419
1399990309 82.811594
1399990311 82.270861
1399990314 82.041264
1399990316 83.189249
1399990318 83.225727
1399990320 83.086252
1399990322 82.860947
1399990324 82.528353
1399990327 81.839561
1399990329 82.811594
1399990331 83.223581
1399990333 84.408045
1399990335 84.129095
1399990338 85.281372
1399990340 85.077524
1399990342 83.905935
1399990344 84.847927
1399990347 85.663319
1399990349 86.165428
1399990351 85.049629
1399990353 84.783554
1399990355 84.144115
1399990358 85.30283
1399990360 85.517406
1399990362 85.401535
1399990364 85.06465
1399990367 85.098982
1399990369 85.184813
1399990371 85.650444
1399990373 85.712671
1399990375 85.521698
1399990378 85.171938
1399990380 85.24704
1399990382 84.712744
1399990384 84.232092
1399990387 85.504532
1399990389 85.311413
1399990391 85.118294
1399990393 84.755659
1399990395 84.747076
1399990398 84.135532
1399990400 83.860874
1399990402 85.124731
1399990404 85.20627
1399990407 85.171938
1399990409 84.721327
1399990411 84.530354
1399990413 83.770752
1399990415 85.062504
1399990418 84.639788
1399990420 84.311485
1399990422 84.105492
1399990424 84.19776
1399990427 83.253622
1399990429 83.086252
1399990431 84.305048
1399990434 84.403753
1399990436 84.154844
1399990438 82.843781
1399990440 82.18503
1399990442 81.910372
1399990445 83.148479
1399990447 83.161354
1399990449 83.041191
1399990451 80.558538
1399990453 80.457687
1399990456 79.62513
1399990458 79.816103
1399990460 80.951214
1399990462 80.996275
1399990465 80.884695
1399990467 80.341816
1399990469 80.219507
1399990471 81.116438
1399990473 82.217216
1399990476 83.446741
1399990478 83.481073
1399990480 82.253695
1399990482 82.139969
1399990485 82.787991
1399990487 82.948923
1399990489 82.749367
1399990491 82.792282
1399990493 82.227945
1399990496 82.266569
1399990498 81.416845
1399990500 82.721472
1399990502 82.824469
1399990505 82.708597
1399990507 83.601236
1399990509 83.998203
1399990511 81.528425
1399990513 82.146406
1399990516 83.064795
1399990518 82.938194
1399990520 82.530499
1399990522 82.436085
1399990525 82.279444
1399990527 81.352472
1399990529 82.558393
1399990531 82.63135
1399990533 82.491875
1399990536 82.217216
1399990538 82.496166
1399990540 81.749439
1399990542 82.08847
1399990545 82.6056
1399990547 82.68714
1399990549 82.42321
1399990551 82.217216
1399990553 81.762314
1399990556 80.68943
1399990558 82.217216
1399990560 82.328796
1399990562 82.049847
1399990565 81.659317
1399990567 81.805229
1399990569 80.861092
1399990571 81.888914
1399990573 82.109928
1399990576 81.283808
1399990578 80.575705
1399990580 80.496311
1399990582 79.972744
1399990585 79.567194
1399990587 80.938339
1399990589 80.916882
1399990591 80.584288
1399990593 80.389023
1399990596 79.59938
1399990598 77.595234
1399990600 78.698158
1399990602 78.741074
1399990605 78.683138
1399990607 79.515696
1399990609 79.638004
1399990611 79.798937
1399990613 79.535007
1399990616 80.180883
1399990618 80.206633
1399990620 81.054211
1399990622 80.273151
1399990625 79.809666
1399990627 79.571486
1399990629 79.054356
1399990631 80.294609
1399990633 80.399752
1399990636 79.809666
1399990638 79.811811
1399990640 78.906298
1399990642 80.26886
1399990645 81.837416
1399990647 80.219507
1399990649 80.144405
1399990651 79.884768
1399990653 80.06072
1399990656 78.959942
1399990658 79.526424
1399990660 80.438375
1399990662 80.120802
1399990665 79.835415
1399990667 79.661608
1399990669 79.298973
1399990671 78.741074
1399990673 80.105782
1399990676 80.112219
1399990678 80.125093
1399990680 79.663754
1399990682 79.539299
1399990685 78.685284
1399990687 80.080032
1399990689 80.176592
1399990691 79.558611
1399990693 79.535007
1399990696 79.436302
1399990698 79.238892
1399990700 78.78828
1399990702 79.916954
1399990705 79.843998
1399990707 76.404333
1399990709 75.897932
1399990711 75.930119
1399990714 74.966669
1399990716 76.194048
1399990718 77.68321
1399990720 77.833414
1399990722 78.414917
1399990725 78.507185
1399990727 76.934338
1399990729 76.412916
1399990731 78.653097
1399990733 78.232527
1399990736 77.582359
1399990738 77.384949
1399990742 76.809883
1399990743 76.161861
1399990745 77.68321
1399990747 77.719688
1399990749 77.824831
1399990751 77.011585
1399990753 77.771187
1399990756 78.374147
1399990758 76.558828
1399990760 78.751802
1399990762 77.76475
1399990765 77.234745
1399990767 77.183247
1399990769 77.530861
1399990771 76.39575
1399990774 77.575922
1399990776 77.620983
1399990778 77.644587
1399990780 77.030897
1399990782 77.331305
1399990785 76.49231
1399990787 76.245546
1399990789 78.251839
1399990791 77.657461
1399990794 77.311993
1399990796 77.108145
1399990798 77.138186
1399990800 76.565266
1399990802 77.335596
1399990805 77.769041
1399990807 77.691793
1399990809 77.174664
1399990811 77.479362
1399990813 76.468706
1399990816 76.099634
1399990818 77.567339
1399990820 77.678919
1399990822 76.279879
1399990825 73.614836
1399990827 73.820829
1399990829 72.69001
1399990831 74.269295
1399990833 74.363708
1399990836 75.21987
1399990838 75.146914
1399990840 75.185537
1399990842 75.292826
1399990845 75.833559
1399990847 75.831413
1399990849 75.578213
1399990851 74.537516
1399990853 74.726343
1399990856 73.975325
1399990858 75.007439
1399990860 75.367928
1399990862 74.994564
1399990865 74.670553
1399990867 74.730635
1399990869 74.016094
1399990871 75.8636
1399990873 76.861382
1399990876 76.389313
1399990878 75.320721
1399990880 74.799299
1399990882 74.273586
1399990885 73.685646
1399990887 75.224161
1399990889 75.391531
1399990891 75.155497
1399990894 74.694157
1399990896 74.719906
1399990898 73.979616
1399990900 74.653387
1399990902 75.166225
1399990905 75.27566
1399990907 74.882984
1399990909 74.696302
1399990911 74.310064
1399990913 73.569775
1399990916 75.254202
1399990918 75.814247