1399986784 113.034725
1399986786 113.687038
1399986788 113.210678
1399986791 113.139868
1399986793 114.199877
1399986795 115.105391
1399986797 115.191221
1399986800 113.57975
1399986802 113.584042
1399986804 113.545418
1399986806 113.472462
1399986809 112.923145
1399986811 113.255739
1399986813 113.478899
1399986815 113.410234
1399986817 113.796473
1399986820 113.124847
1399986822 113.558292
1399986824 112.818003
1399986826 112.612009
1399986828 112.58626
1399986831 112.517595
1399986833 112.208605
1399986835 112.536907
1399986837 112.633467
1399986840 112.770796
1399986842 112.644196
1399986844 112.581968
1399986846 112.684965
1399986848 112.197876
1399986851 112.571239
1399986853 112.13994
1399986855 109.326839
1399986857 110.612154
1399986860 110.57353
1399986862 109.481335
1399986864 109.925508
1399986866 110.451221
1399986869 110.485554
1399986871 111.940384
1399986873 112.208605
1399986875 112.491846
1399986877 113.461733
1399986880 113.373756
1399986882 113.440275
1399986884 113.350153
1399986886 113.446712
1399986888 113.307238
1399986891 114.513159
1399986893 114.603281
1399986895 113.272905
1399986897 113.354445
1399986900 113.519669
1399986902 112.912416
1399986904 113.008976
1399986906 113.519669
1399986909 113.365173
1399986911 113.483191
1399986913 113.431692
1399986915 113.50894
1399986917 112.343788
1399986920 112.056255
1399986922 112.118483
1399986924 112.343788
1399986926 112.333059
1399986929 112.345934
1399986931 112.257957
1399986933 112.185001
1399986935 112.000465
1399986937 113.28578
1399986940 112.350225
1399986942 112.399578
1399986944 112.416744
1399986946 108.985662
1399986949 109.34186
1399986951 110.397577
1399986953 110.528469
1399986955 109.597206
1399986957 109.601498
1399986960 109.807491
1399986962 109.354734
1399986964 109.371901
1399986967 109.599352
1399986969 111.148596
1399986971 111.238718
1399986973 112.798691
1399986975 112.798691
1399986977 113.478899
1399986980 112.985373
1399986982 113.114119
1399986984 114.622593
1399986986 113.238573
1399986989 113.034725
1399986991 112.650633
1399986993 112.605572
1399986995 112.99181
1399986997 113.06262
1399987000 112.715006
1399987002 113.197803
1399987004 113.478899
1399987006 112.843752
1399987009 113.193512
1399987011 113.032579
1399987013 113.150597
1399987015 112.152815
1399987017 112.300873
1399987020 115.178347
1399987022 111.79018
1399987024 112.573385
1399987026 113.751411
1399987029 112.133503
1399987031 112.105608
1399987033 112.114191
1399987035 111.753702
1399987037 113.034725
1399987040 112.157106
1399987042 112.165689
1399987044 109.305382
1399987046 109.680891
1399987049 110.187292
1399987051 109.904051
1399987053 109.640121
1399987055 109.725952
1399987057 109.586477
1399987060 110.861063
1399987062 112.257957
1399987064 112.627029
1399987066 113.738537
1399987069 114.225626
1399987071 112.940311
1399987073 112.875938
1399987075 112.916708
1399987077 113.796473
1399987080 112.695694
1399987082 112.966061
1399987084 112.83946
1399987086 112.970352
1399987089 112.989664
1399987091 112.470388
1399987093 112.543344
1399987095 113.028288
1399987097 112.912416
1399987100 114.277124
1399987102 113.502502
1399987104 112.99181
1399987106 110.642195
1399987109 110.70013
1399987111 110.994101
1399987113 110.981226
1399987115 111.052036
1399987117 111.041307
1399987120 110.687256
1399987122 110.650778
1399987124 111.009121
1399987126 111.491919
1399987129 111.01985
1399987131 110.996246
1399987133 110.996246
1399987135 108.831167
1399987137 109.273195
1399987140 110.783815
1399987143 110.588551
1399987144 109.781742
1399987146 109.779596
1399987149 109.457731
1399987151 110.161543
1399987153 111.350298
1399987155 111.805201
1399987157 112.240791
1399987160 112.410307
1399987162 112.470388
1399987164 112.058401
1399987166 112.298727
1399987169 112.476826
1399987171 112.710714
1399987173 113.680601
1399987175 112.500429
1399987177 112.279415
1399987180 112.178564
1399987182 112.425327
1399987184 112.393141
1399987186 112.976789
1399987189 112.414598
1399987191 112.504721
1399987193 112.204313
1399987195 111.921072
1399987197 111.721516
1399987200 111.90176
1399987202 111.706495
1399987204 111.682892
1399987206 111.433983
1399987209 111.38463
1399987211 111.64856
1399987213 111.670017
1399987215 111.682892
1399987217 112.519741
1399987220 111.584187
1399987222 111.294508
1399987224 110.710859
1399987226 109.200239
1399987229 110.586405
1399987231 110.50272
1399987233 109.586477
1399987235 109.305382
1399987237 109.854698
1399987240 111.418962
1399987242 112.367392
1399987244 111.966133
1399987246 112.569094
1399987249 112.193584
1399987251 111.783743
1399987253 111.788034
1399987255 112.060547
1399987258 112.976789
1399987260 112.373829
1399987262 112.933874
1399987264 111.798763
1399987266 111.888885
1399987269 112.02836
1399987271 112.270832
1399987273 112.227917
1399987275 112.157106
1399987277 112.247229
1399987280 111.899614
1399987282 112.079859
1399987284 111.461878
1399987286 111.552
1399987289 111.642122
1399987291 111.532688
1399987293 111.498356
1399987295 111.094952
1399987297 111.397505
1399987300 111.391068
1399987302 111.474752
1399987304 111.388922
1399987306 111.951113
1399987309 111.088514
1399987311 111.251593
1399987313 109.384775
1399987315 110.633612
1399987317 110.494137
1399987320 109.700203
1399987322 109.404087
1399987324 110.191584
1399987326 110.968351
1399987329 111.903906
1399987331 111.393213
1399987333 111.599207
1399987335 111.433983
1399987337 111.361027
1399987340 111.665726
1399987342 111.747265
1399987344 111.805201
1399987346 111.83095
1399987349 112.427473
1399987351 112.421036
1399987353 111.436129
1399987355 111.893177
1399987357 111.815929
1399987360 111.929655
1399987362 111.860991
1399987364 111.721516
1399987366 111.88674
1399987369 111.556292
1399987371 111.182928
1399987373 111.283779
1399987375 111.290216
1399987377 111.262321
1399987380 111.071348
1399987382 110.90827
1399987384 111.240864
1399987386 111.232281
1399987389 111.234426
1399987391 111.159325
1399987393 110.987663
1399987395 110.863209
1399987397 111.288071
1399987400 109.221697
1399987402 110.682964
1399987404 109.983444
1399987406 109.389067
1399987409 109.537125
1399987411 111.152887
1399987413 110.401869
1399987415 111.365318
1399987417 111.157179
1399987420 111.193657
1399987422 111.163616
1399987424 111.614227
1399987426 111.738682
1399987429 111.556292
1399987431 111.612082
1399987433 111.579895
1399987435 112.820148
1399987437 112.275124
1399987440 111.777306
1399987442 111.6786
1399987444 111.603498
1399987446 111.410379
1399987449 111.315966
1399987451 111.393213
1399987453 111.745119
1399987455 111.086369
1399987457 111.260176
1399987460 110.97908
1399987462 110.627174
1399987464 110.663652
1399987466 111.107826
1399987469 111.060619
1399987471 111.079931
1399987473 111.039162
1399987475 110.90827
1399987478 110.631466
1399987480 110.831022
1399987482 111.049891
1399987484 109.258175
1399987486 110.734463
1399987489 110.751629
1399987491 109.513521
1399987493 109.30109
1399987495 111.603498
1399987497 110.646486
1399987500 111.584187
1399987502 111.27305
1399987504 111.069202
1399987506 110.83746
1399987509 111.260176
1399987511 111.249447
1399987513 111.285925
1399987515 111.225843
1399987517 111.230135
1399987520 111.333132
1399987522 112.569094
1399987524 111.288071
1399987526 111.397505
1399987529 111.410379
1399987531 111.240864
1399987533 111.221552
1399987535 110.790253
1399987537 111.386776
1399987540 110.826731
1399987542 110.826731
1399987544 110.81171
1399987546 110.704422
1399987549 110.384703
1399987551 110.792398
1399987553 110.751629
1399987555 110.835314
1399987557 110.90827
1399987560 111.092806
1399987562 110.631466
1399987564 110.305309
1399987566 110.702276
1399987569 109.279633
1399987571 109.837532
1399987573 110.687256
1399987575 109.522104
1399987577 109.361172
1399987580 110.479116
1399987582 110.895395
1399987584 110.884666
1399987586 110.850334
1399987589 110.90827
1399987591 110.85248
1399987593 110.489845
1399987595 110.674381
1399987598 110.702276
1399987600 110.798836
1399987602 110.710859
1399987604 111.740828
1399987606 111.030579
1399987609 110.438347
1399987611 110.921144
1399987613 111.408234
1399987615 110.798836
1399987617 110.841751
1399987620 110.717297
1399987622 110.496283
1399987624 110.564947
1399987626 110.586405
1399987629 110.618591
1399987631 110.564947
1399987633 110.354662
1399987635 110.268831
1399987637 110.247374
1399987640 110.689402
1399987642 110.571384
1399987644 110.524178
1399987646 110.534906
1399987649 110.584259
1399987651 110.161543
1399987653 109.176636
1399987655 109.095097
1399987657 109.015703
1399987660 109.614372
1399987662 109.543562
1399987664 111.530542
1399987666 111.826658
1399987669 110.594988
1399987671 110.803127
1399987673 111.547709
1399987675 110.644341
1399987677 110.255957
1399987680 110.479116
1399987682 110.717297
1399987684 110.747337
1399987686 110.72588
1399987689 111.843824
1399987691 110.640049
1399987693 110.339642
1399987695 110.594988
1399987697 110.820293
1399987700 110.90827
1399987702 110.850334
1399987704 110.839605
1399987706 110.101461
1399987709 109.912634
1399987711 110.333204
1399987713 110.369682
1399987715 110.298872
1399987717 110.298872
1399987720 110.20875
1399987722 109.886885
1399987724 110.29458
1399987726 110.354662
1399987729 110.331059
1399987731 110.258102
1399987733 111.101389
1399987735 108.968496
1399987738 109.502792
1399987740 110.790253
1399987742 110.191584
1399987744 109.434128
1399987746 109.442711
1399987749 110.107899
1399987751 109.972715
1399987753 110.646486
1399987755 110.367537
1399987758 110.234499
1399987760 110.260248
1399987762 109.996319
1399987764 109.961987
1399987766 110.438347
1399987769 110.281706
1399987771 110.29458
1399987773 110.650778
1399987775 110.037088
1399987777 110.0564
1399987780 110.161543
1399987782 110.50272
1399987784 110.547781
1399987786 110.429764
1399987789 110.491991
1399987791 110.002756
1399987793 110.736609
1399987795 110.002756
1399987797 109.946966
1399987800 110.26454
1399987802 110.049963
1399987804 110.075712
1399987806 109.831095
1399987809 109.807491
1399987811 109.906197
1399987813 109.961987
1399987815 110.030651
1399987817 110.249519
1399987820 108.850479
1399987822 110.20875
1399987824 110.489845
1399987826 109.522104
1399987829 110.034943
1399987831 110.835314
1399987833 109.725952
1399987835 109.979153
1399987837 109.897614
1399987840 110.069275
1399987842 110.069275
1399987844 109.899759
1399987846 109.981298
1399987849 109.998465
1399987851 109.625101
1399987853 110.095024
1399987855 111.97257
1399987857 110.133648
1399987860 110.296726
1399987862 110.052109
1399987864 109.629393
1399987866 109.979153
1399987869 110.084295
1399987871 110.084295
1399987873 109.863281
1399987875 109.775305
1399987877 109.41267
1399987880 109.416962
1399987882 109.766722
1399987884 109.695911
1399987886 109.811783
1399987889 109.805346
1399987891 109.631538
1399987893 109.442711
1399987895 109.786034
1399987897 109.760284
1399987900 109.768867
1399987902 109.116554
1399987904 110.575676
1399987906 109.897614
1399987909 109.371901
1399987911 110.75592
1399987913 109.70664
1399987915 110.09717
1399987917 109.822512
1399987920 109.925508
1399987922 109.337568
1399987924 109.689474
1399987926 109.655142
1399987929 109.698057
1399987931 109.680891
1399987933 109.717369
1399987935 109.470606
1399987937 110.97908
1399987940 111.36961
1399987942 109.801054
1399987944 109.753847
1399987946 109.871864
1399987949 109.612226
1399987951 109.494209
1399987953 109.500647
1399987955 109.586477
1399987957 109.657288
1399987960 109.674454
1399987962 109.597206
1399987964 109.178782
1399987966 109.095097
1399987969 109.487772
1399987971 109.477043
1399987973 109.549999
1399987975 109.987736
1399987977 109.442711
1399987980 109.481335
1399987982 109.04789
1399987984 110.539198
1399987986 110.610008
1399987989 109.481335
1399987991 110.39114
1399987993 109.221697
1399987995 109.148741
1399987997 109.798908
1399988000 109.386921
1399988002 109.294653
1399988004 109.389067
1399988006 109.457731
1399988009 109.157324
1399988011 109.408379
1399988013 110.221624
1399988015 109.337568
1399988017 110.496283
1399988020 109.526396
1399988022 109.292507
1399988024 109.217405
1399988026 109.577894
1399988029 109.423399
1399988031 109.500647
1399988033 109.303236
1399988035 109.256029
1399988037 108.95133
1399988040 109.494209
1399988042 109.333277
1399988044 109.365463
1399988046 109.277487
1399988049 109.386921
1399988051 109.082222
1399988053 109.122992
1399988055 109.288216
1399988057 109.264612
1399988060 109.322548
1399988062 109.065056
1399988064 110.594988
1399988066 110.301018
1399988069 110.172272
1399988071 110.086441
1399988073 109.882593
1399988075 109.105825
1399988077 109.350443
1399988080 108.590841
1399988082 108.743191
1399988084 109.125137
1399988086 109.13372
1399988089 109.191656
1399988091 108.829021
1399988093 108.762503
1399988095 109.107971
1399988097 110.70013
1399988100 110.822439
1399988102 109.116554
1399988104 109.088659
1399988106 108.934164
1399988109 108.751774
1399988111 109.202385
1399988113 109.07793
1399988115 109.210968
1399988118 109.101534
1399988120 109.105825
1399988122 108.749628
1399988124 109.050035
1399988127 109.04789
1399988129 109.837532
1399988131 109.092951
1399988133 109.183073
1399988135 108.700275
1399988138 108.78396
1399988140 109.637976