Copy: 3633.7 0.168126 0.167321 0.168881 Scale: 3416.9 0.178578 0.177940 0.179619 Add: 4755.6 0.192965 0.191775 0.194564 Triad: 4596.5 0.199371 0.198412 0.200899 Unixtime: 1399973490 
Copy: 3446.4 0.168289 0.167132 0.170542 Scale: 3231.9 0.178827 0.178223 0.180240 Add: 4502.8 0.192382 0.191882 0.193015 Triad: 4378.1 0.197958 0.197348 0.199259 Unixtime: 1399973521 
Copy: 4124.7 0.132583 0.131888 0.133814 Scale: 3340.1 0.163487 0.162869 0.164878 Add: 4360.1 0.188224 0.187152 0.190620 Triad: 4190.2 0.195395 0.194742 0.196020 Unixtime: 1399973550 
Copy: 3909.3 0.131862 0.130968 0.133228 Scale: 3165.1 0.162226 0.161762 0.163657 Add: 4146.2 0.187356 0.185231 0.190626 Triad: 3968.0 0.194088 0.193550 0.195577 Unixtime: 1399973582 
Copy: 3663.0 0.131633 0.131039 0.132242 Scale: 2963.0 0.162895 0.161998 0.164353 Add: 3858.0 0.187414 0.186624 0.188802 Triad: 3716.0 0.194668 0.193755 0.195900 Unixtime: 1399973615 
Copy: 3410.8 0.132931 0.131347 0.137857 Scale: 2765.8 0.162547 0.161977 0.162973 Add: 3596.4 0.187458 0.186851 0.188771 Triad: 3459.5 0.195032 0.194248 0.195987 Unixtime: 1399973644 
Copy: 3529.6 0.118622 0.117859 0.119874 Scale: 2683.2 0.156127 0.155040 0.157188 Add: 3627.6 0.173391 0.172013 0.174419 Triad: 3510.8 0.178381 0.177738 0.179359 Unixtime: 1399973670 
Copy: 3251.6 0.118696 0.118097 0.119197 Scale: 2466.7 0.156893 0.155674 0.159053 Add: 3335.9 0.173830 0.172668 0.175133 Triad: 3221.2 0.179658 0.178818 0.180834 Unixtime: 1399973694 
Copy: 2990.1 0.118747 0.117722 0.119754 Scale: 2271.2 0.156033 0.154985 0.156631 Add: 3053.7 0.173690 0.172908 0.175422 Triad: 2948.2 0.179615 0.179090 0.180503 Unixtime: 1399973720 
Copy: 2710.8 0.119029 0.118046 0.120332 Scale: 2067.3 0.155703 0.154795 0.157186 Add: 2777.9 0.173770 0.172792 0.175836 Triad: 2692.9 0.179787 0.178247 0.181272 Unixtime: 1399973743 
Copy: 2450.0 0.120034 0.117551 0.123278 Scale: 1866.9 0.156297 0.154267 0.161045 Add: 2518.1 0.173544 0.171558 0.178028 Triad: 2437.2 0.179861 0.177253 0.185737 Unixtime: 1399973765 
Copy: 2182.9 0.118365 0.117276 0.120151 Scale: 1655.3 0.155257 0.154656 0.157316 Add: 2236.6 0.172599 0.171688 0.174034 Triad: 2161.4 0.179139 0.177660 0.186614 Unixtime: 1399973787 
Copy: 1922.9 0.117876 0.116488 0.119896 Scale: 1455.3 0.154798 0.153918 0.156136 Add: 1961.6 0.172236 0.171288 0.173648 Triad: 1897.8 0.177734 0.177048 0.179037 Unixtime: 1399973808 
Copy: 1641.6 0.117883 0.116961 0.119439 Scale: 1246.4 0.154780 0.154044 0.155679 Add: 1676.1 0.172783 0.171830 0.173957 Triad: 1623.4 0.178103 0.177409 0.179272 Unixtime: 1399973829 
Copy: 1370.1 0.117778 0.116782 0.119504 Scale: 1039.3 0.154809 0.153955 0.155952 Add: 1404.3 0.172034 0.170905 0.173684 Triad: 1357.5 0.178284 0.176799 0.179233 Unixtime: 1399973850 
Copy: 1099.9 0.117375 0.116375 0.119129 Scale: 829.5 0.155071 0.154310 0.156255 Add: 1120.7 0.171814 0.171322 0.173257 Triad: 1086.5 0.177733 0.176721 0.179108 Unixtime: 1399973869 
Copy: 3644.1 0.167340 0.166846 0.168197 Scale: 3418.6 0.178611 0.177853 0.180119 Add: 4764.1 0.192133 0.191433 0.193447 Triad: 4632.3 0.197636 0.196878 0.198819 Unixtime: 1399973906 
Copy: 3446.0 0.167834 0.167152 0.168280 Scale: 3221.6 0.179545 0.178793 0.180379 Add: 4500.2 0.193005 0.191993 0.193992 Triad: 4379.6 0.198444 0.197278 0.199696 Unixtime: 1399974043 
Copy: 4136.7 0.132219 0.131507 0.133339 Scale: 3358.1 0.162594 0.161998 0.163295 Add: 4368.6 0.187504 0.186789 0.188915 Triad: 4208.8 0.194576 0.193880 0.195870 Unixtime: 1399974363 
Copy: 3912.8 0.131431 0.130853 0.132600 Scale: 3168.8 0.162220 0.161574 0.163576 Add: 4130.9 0.186586 0.185915 0.188312 Triad: 3982.6 0.193699 0.192837 0.194642 Unixtime: 1399974507 
Copy: 3669.2 0.131668 0.130819 0.133198 Scale: 2974.8 0.162186 0.161355 0.164097 Add: 3865.6 0.187217 0.186256 0.188294 Triad: 3723.6 0.193768 0.193362 0.195258 Unixtime: 1399974720 
Copy: 3419.6 0.131572 0.131011 0.132565 Scale: 2775.7 0.162571 0.161400 0.163932 Add: 3606.2 0.187155 0.186344 0.189197 Triad: 3484.9 0.193998 0.192831 0.194960 Unixtime: 1399974886 
Copy: 3528.1 0.120602 0.117912 0.125153 Scale: 2682.3 0.156288 0.155093 0.160216 Add: 3623.8 0.173908 0.172196 0.179690 Triad: 3498.8 0.180438 0.178349 0.185293 Unixtime: 1399975027 
Copy: 3253.6 0.119020 0.118023 0.120400 Scale: 2478.6 0.156530 0.154928 0.157740 Add: 3321.0 0.174320 0.173444 0.175349 Triad: 3223.3 0.179926 0.178701 0.181610 Unixtime: 1399975094 
Copy: 2994.0 0.118829 0.117568 0.120577 Scale: 2272.6 0.156162 0.154889 0.157628 Add: 3055.9 0.173487 0.172780 0.174313 Triad: 2962.9 0.179497 0.178202 0.182161 Unixtime: 1399975164 
Copy: 2707.4 0.119106 0.118193 0.120494 Scale: 2059.4 0.156390 0.155384 0.157834 Add: 2774.2 0.174151 0.173024 0.175683 Triad: 2688.5 0.179663 0.178536 0.181630 Unixtime: 1399975285 
Copy: 2446.7 0.119134 0.117708 0.121041 Scale: 1860.0 0.155530 0.154836 0.156856 Add: 2511.9 0.173285 0.171979 0.176010 Triad: 2427.4 0.178880 0.177970 0.180499 Unixtime: 1399975410 
Copy: 2181.6 0.118938 0.117344 0.123833 Scale: 1654.7 0.156291 0.154708 0.161778 Add: 2232.8 0.173767 0.171981 0.177392 Triad: 2159.4 0.178297 0.177829 0.179635 Unixtime: 1399975510 
Copy: 1918.7 0.117489 0.116746 0.118738 Scale: 1455.2 0.154991 0.153928 0.156846 Add: 1956.5 0.172320 0.171731 0.173405 Triad: 1898.9 0.177752 0.176942 0.179033 Unixtime: 1399975606 
Copy: 1642.9 0.117905 0.116870 0.119847 Scale: 1241.8 0.155405 0.154609 0.156486 Add: 1677.4 0.172507 0.171699 0.173886 Triad: 1624.6 0.178219 0.177273 0.178938 Unixtime: 1399975651 
Copy: 1371.6 0.117591 0.116654 0.119171 Scale: 1039.4 0.154877 0.153931 0.156042 Add: 1397.6 0.172216 0.171722 0.173350 Triad: 1357.0 0.178359 0.176862 0.179544 Unixtime: 1399975697 
Copy: 1096.8 0.117282 0.116704 0.117645 Scale: 830.9 0.154912 0.154042 0.156479 Add: 1120.8 0.172175 0.171299 0.174258 Triad: 1086.8 0.177720 0.176663 0.179590 Unixtime: 1399975741
