Copy: 3676.0 0.139987 0.139282 0.141289 Scale: 3075.8 0.167438 0.166461 0.168344 Add: 3923.5 0.196453 0.195746 0.197736 Triad: 3772.2 0.204597 0.203596 0.205731 Unixtime: 1395843507 
Copy: 3446.9 0.139737 0.139254 0.140895 Scale: 2889.6 0.166804 0.166111 0.167728 Add: 3687.1 0.195840 0.195276 0.197159 Triad: 3541.7 0.204188 0.203291 0.205455 Unixtime: 1395843539 
Copy: 3785.3 0.118911 0.118352 0.119826 Scale: 2894.5 0.155656 0.154774 0.156689 Add: 3894.5 0.173748 0.172553 0.177088 Triad: 3763.8 0.179135 0.178543 0.180538 Unixtime: 1395843565 
Copy: 3522.3 0.118661 0.118106 0.119657 Scale: 2681.6 0.155826 0.155134 0.156587 Add: 3623.8 0.173642 0.172196 0.174696 Triad: 3505.0 0.178958 0.178030 0.179838 Unixtime: 1395843593 
Copy: 3248.9 0.118740 0.118195 0.119815 Scale: 2480.4 0.156320 0.154812 0.157630 Add: 3329.5 0.174110 0.172998 0.175863 Triad: 3232.3 0.179625 0.178201 0.180976 Unixtime: 1395843622 
Copy: 2979.4 0.118703 0.118145 0.119592 Scale: 2271.2 0.155848 0.154982 0.157023 Add: 3057.1 0.173580 0.172714 0.174815 Triad: 2962.4 0.179213 0.178232 0.179904 Unixtime: 1395843645 
Copy: 2704.8 0.118859 0.118310 0.119710 Scale: 2061.1 0.155867 0.155257 0.156786 Add: 2786.0 0.173283 0.172290 0.174425 Triad: 2694.1 0.179153 0.178164 0.180568 Unixtime: 1395843670 
Copy: 2444.8 0.118716 0.117803 0.119886 Scale: 1859.4 0.155829 0.154889 0.156509 Add: 2510.9 0.173256 0.172052 0.175123 Triad: 2426.0 0.178890 0.178069 0.180276 Unixtime: 1395843695 
Copy: 2185.2 0.117986 0.117152 0.119053 Scale: 1660.4 0.155185 0.154184 0.156925 Add: 2244.7 0.172424 0.171071 0.173492 Triad: 2163.5 0.178660 0.177489 0.181348 Unixtime: 1395843717 
Copy: 1914.3 0.117577 0.117015 0.118617 Scale: 1452.6 0.155172 0.154204 0.156828 Add: 1955.8 0.172455 0.171797 0.173857 Triad: 1896.0 0.178110 0.177216 0.179014 Unixtime: 1395843738 
Copy: 1632.9 0.118330 0.117583 0.120182 Scale: 1240.2 0.155415 0.154808 0.156284 Add: 1674.7 0.172499 0.171975 0.173493 Triad: 1621.1 0.178271 0.177656 0.179545 Unixtime: 1395843759 
Copy: 1365.0 0.118210 0.117216 0.120825 Scale: 1034.5 0.155362 0.154669 0.157188 Add: 1395.7 0.172778 0.171952 0.174375 Triad: 1352.1 0.178407 0.177501 0.179334 Unixtime: 1395843782 
Copy: 1100.5 0.117032 0.116315 0.118838 Scale: 833.5 0.154126 0.153566 0.155007 Add: 1123.6 0.171812 0.170881 0.172825 Triad: 1087.4 0.177439 0.176568 0.178882 Unixtime: 1395843804 
Copy: 821.1 0.117503 0.116917 0.119069 Scale: 622.8 0.154955 0.154149 0.156453 Add: 839.1 0.172149 0.171605 0.173283 Triad: 813.2 0.177606 0.177078 0.178661 Unixtime: 1395843823 
Copy: 551.3 0.116551 0.116095 0.117446 Scale: 418.2 0.153902 0.153046 0.156078 Add: 562.9 0.171207 0.170535 0.172307 Triad: 544.7 0.177405 0.176249 0.181471 Unixtime: 1395843843 
Copy: 278.2 0.115349 0.115014 0.116583 Scale: 210.2 0.152919 0.152230 0.154278 Add: 283.1 0.170006 0.169567 0.171342 Triad: 274.4 0.175505 0.174951 0.176694 Unixtime: 1395843861 
Copy: 3666.1 0.140294 0.139657 0.141911 Scale: 3078.0 0.167045 0.166343 0.168637 Add: 3925.3 0.196975 0.195652 0.198041 Triad: 3779.7 0.204216 0.203193 0.205900 Unixtime: 1395843894 
Copy: 3457.0 0.139397 0.138849 0.140352 Scale: 2888.8 0.166789 0.166158 0.168481 Add: 3695.1 0.195825 0.194855 0.197319 Triad: 3538.8 0.204164 0.203459 0.205293 Unixtime: 1395843926 
Copy: 3798.3 0.119016 0.117947 0.120194 Scale: 2891.7 0.155668 0.154927 0.156615 Add: 3893.3 0.173629 0.172604 0.174609 Triad: 3761.8 0.179367 0.178640 0.180654 Unixtime: 1395843955 
Copy: 3538.4 0.119055 0.117568 0.123589 Scale: 2687.2 0.156164 0.154808 0.156871 Add: 3622.7 0.173399 0.172247 0.176197 Triad: 3508.6 0.178880 0.177850 0.179775 Unixtime: 1395843983 
Copy: 3248.6 0.118987 0.118205 0.120548 Scale: 2473.6 0.156631 0.155240 0.157908 Add: 3332.8 0.174422 0.172827 0.179350 Triad: 3236.7 0.179164 0.177959 0.181188 Unixtime: 1395844013 
Copy: 2982.5 0.119648 0.118021 0.121822 Scale: 2271.7 0.155831 0.154951 0.157287 Add: 3065.9 0.173380 0.172219 0.174319 Triad: 2955.0 0.179927 0.178683 0.181455 Unixtime: 1395844041 
Copy: 2718.3 0.118520 0.117720 0.119264 Scale: 2070.9 0.155972 0.154523 0.159037 Add: 2785.5 0.172860 0.172324 0.174377 Triad: 2698.7 0.179353 0.177862 0.180448 Unixtime: 1395844067 
Copy: 2440.2 0.119073 0.118021 0.120293 Scale: 1866.6 0.155347 0.154291 0.155755 Add: 2511.7 0.173403 0.171995 0.174945 Triad: 2425.9 0.179216 0.178080 0.180468 Unixtime: 1395844092 
Copy: 2194.9 0.117799 0.116633 0.118978 Scale: 1661.8 0.155396 0.154050 0.157072 Add: 2242.8 0.172025 0.171217 0.172837 Triad: 2166.5 0.178194 0.177247 0.179908 Unixtime: 1395844118 
Copy: 1911.6 0.117648 0.117179 0.118781 Scale: 1451.7 0.155125 0.154297 0.156709 Add: 1957.8 0.172334 0.171618 0.173320 Triad: 1893.4 0.178305 0.177461 0.179922 Unixtime: 1395844142 
Copy: 1632.1 0.118449 0.117643 0.120149 Scale: 1240.7 0.155275 0.154753 0.156390 Add: 1673.7 0.172885 0.172074 0.174316 Triad: 1620.0 0.178550 0.177774 0.179381 Unixtime: 1395844166 
Copy: 1364.0 0.117849 0.117302 0.118643 Scale: 1036.2 0.155307 0.154404 0.156188 Add: 1398.5 0.172195 0.171618 0.173244 Triad: 1353.9 0.178731 0.177264 0.179969 Unixtime: 1395844192 
Copy: 1099.0 0.117542 0.116471 0.118568 Scale: 833.2 0.154262 0.153624 0.155081 Add: 1124.0 0.171844 0.170816 0.173317 Triad: 1087.4 0.177240 0.176571 0.178191 Unixtime: 1395844214 
Copy: 820.4 0.117683 0.117019 0.119516 Scale: 622.8 0.154623 0.154136 0.155744 Add: 839.1 0.172163 0.171621 0.173406 Triad: 812.6 0.177684 0.177209 0.178886 Unixtime: 1395844237 
Copy: 551.9 0.116523 0.115970 0.117940 Scale: 418.1 0.153543 0.153075 0.154864 Add: 562.4 0.171497 0.170695 0.172716 Triad: 545.2 0.176654 0.176069 0.177963 Unixtime: 1395844260 
Copy: 278.2 0.115660 0.115013 0.117502 Scale: 210.4 0.152541 0.152127 0.153613 Add: 283.0 0.169937 0.169586 0.171144 Triad: 274.1 0.175657 0.175090 0.176864 Unixtime: 1395844282
