Copy: 2664.6 0.255321 0.240187 0.269859 Scale: 1998.3 0.331927 0.320265 0.340070 Add: 2666.7 0.370173 0.360002 0.380047 Triad: 2666.5 0.370248 0.360022 0.380680 Unixtime: 1395255416 
Copy: 2440.2 0.240995 0.236047 0.248903 Scale: 1830.3 0.319790 0.314711 0.323465 Add: 2489.7 0.357925 0.347032 0.370600 Triad: 2397.3 0.367386 0.360412 0.371118 Unixtime: 1395255457 
Copy: 3744.4 0.145759 0.145285 0.147137 Scale: 3191.8 0.171420 0.170438 0.172779 Add: 4037.3 0.203352 0.202114 0.208043 Triad: 3877.6 0.211220 0.210437 0.211754 Unixtime: 1395255487 
Copy: 3552.1 0.144650 0.144141 0.145870 Scale: 3030.7 0.169345 0.168939 0.169795 Add: 3826.9 0.201545 0.200683 0.202558 Triad: 3673.4 0.210011 0.209069 0.211329 Unixtime: 1395255516 
Copy: 3334.2 0.144747 0.143962 0.146043 Scale: 2840.7 0.169592 0.168973 0.170056 Add: 3597.3 0.202242 0.200151 0.208248 Triad: 3446.5 0.209882 0.208905 0.210978 Unixtime: 1395255544 
Copy: 2880.5 0.145522 0.144421 0.147904 Scale: 2452.1 0.170198 0.169651 0.171035 Add: 3101.3 0.202146 0.201207 0.202930 Triad: 2983.7 0.210476 0.209139 0.211499 Unixtime: 1395255571 
Copy: 2988.0 0.118846 0.117805 0.120319 Scale: 2270.8 0.155624 0.155014 0.156658 Add: 3060.4 0.173634 0.172526 0.174921 Triad: 2960.6 0.179573 0.178340 0.180975 Unixtime: 1395255594 
Copy: 2718.2 0.118682 0.117726 0.119724 Scale: 2064.9 0.155678 0.154973 0.157128 Add: 2780.2 0.173217 0.172647 0.174087 Triad: 2693.0 0.179152 0.178238 0.180647 Unixtime: 1395255618 
Copy: 2444.6 0.118574 0.117811 0.119596 Scale: 1863.5 0.155978 0.154546 0.156877 Add: 2511.3 0.173400 0.172021 0.174791 Triad: 2431.0 0.178952 0.177708 0.179910 Unixtime: 1395255640 
Copy: 2189.9 0.117667 0.116900 0.118747 Scale: 1659.3 0.155073 0.154279 0.155734 Add: 2243.0 0.173271 0.171200 0.178459 Triad: 2164.4 0.178671 0.177417 0.182508 Unixtime: 1395255662 
Copy: 1915.3 0.117624 0.116950 0.119168 Scale: 1453.6 0.155253 0.154098 0.156832 Add: 1957.0 0.172380 0.171694 0.173542 Triad: 1894.6 0.177903 0.177347 0.179414 Unixtime: 1395255684 
Copy: 1632.6 0.118312 0.117602 0.119379 Scale: 1239.3 0.155340 0.154925 0.156467 Add: 1672.1 0.173924 0.172240 0.179363 Triad: 1618.9 0.178403 0.177903 0.179975 Unixtime: 1395255705 
Copy: 1362.5 0.119813 0.117434 0.124551 Scale: 1037.6 0.156378 0.154203 0.160031 Add: 1396.5 0.172633 0.171852 0.173843 Triad: 1345.9 0.179183 0.178316 0.182745 Unixtime: 1395255725 
Copy: 1098.4 0.117200 0.116529 0.118301 Scale: 834.9 0.154427 0.153312 0.155769 Add: 1121.5 0.171909 0.171199 0.173965 Triad: 1086.9 0.177715 0.176644 0.178629 Unixtime: 1395255749 
Copy: 550.7 0.116574 0.116216 0.117775 Scale: 418.2 0.153657 0.153050 0.154976 Add: 562.9 0.171627 0.170548 0.173574 Triad: 545.6 0.176498 0.175945 0.177679 Unixtime: 1395255768 
Copy: 277.9 0.116044 0.115146 0.121865 Scale: 210.3 0.152896 0.152179 0.155407 Add: 283.0 0.170115 0.169590 0.171218 Triad: 274.1 0.175574 0.175130 0.176858 Unixtime: 1395255787 
Copy: 2664.7 0.249516 0.240180 0.260208 Scale: 1998.6 0.332184 0.320231 0.350119 Add: 2665.5 0.365483 0.360164 0.380254 Triad: 2682.7 0.374702 0.357844 0.390210 Unixtime: 1395255824 
Copy: 2397.7 0.244387 0.240226 0.250608 Scale: 1827.4 0.323200 0.315198 0.340234 Add: 2465.3 0.356855 0.350469 0.360613 Triad: 2401.0 0.362983 0.359856 0.370568 Unixtime: 1395255860 
Copy: 3740.2 0.146200 0.145448 0.147136 Scale: 3193.9 0.170913 0.170323 0.171908 Add: 4041.9 0.202851 0.201883 0.205004 Triad: 3872.3 0.211168 0.210727 0.212269 Unixtime: 1395255890 
Copy: 3551.6 0.144670 0.144162 0.145452 Scale: 3030.8 0.169636 0.168932 0.171247 Add: 3830.5 0.201431 0.200497 0.202567 Triad: 3674.6 0.209713 0.209003 0.210709 Unixtime: 1395255919 
Copy: 3336.6 0.144949 0.143858 0.146242 Scale: 2839.3 0.169657 0.169055 0.171022 Add: 3589.6 0.201431 0.200579 0.202995 Triad: 3449.0 0.210012 0.208759 0.211398 Unixtime: 1395255947 
Copy: 2869.1 0.145503 0.144994 0.146495 Scale: 2450.5 0.170213 0.169763 0.171164 Add: 3093.8 0.202560 0.201691 0.203695 Triad: 2976.0 0.210339 0.209675 0.212165 Unixtime: 1395255973 
Copy: 2979.2 0.119135 0.118151 0.119916 Scale: 2269.3 0.155745 0.155112 0.156509 Add: 3061.5 0.173939 0.172462 0.175580 Triad: 2964.9 0.179168 0.178083 0.180702 Unixtime: 1395255997 
Copy: 2714.3 0.119012 0.117896 0.120391 Scale: 2063.4 0.155777 0.155082 0.157204 Add: 2787.9 0.172959 0.172171 0.173895 Triad: 2696.9 0.178540 0.177982 0.179813 Unixtime: 1395256020 
Copy: 2450.4 0.118716 0.117531 0.120179 Scale: 1855.1 0.156081 0.155246 0.156593 Add: 2505.9 0.173059 0.172395 0.173699 Triad: 2427.9 0.179403 0.177935 0.181673 Unixtime: 1395256043 
Copy: 2187.0 0.117807 0.117055 0.118435 Scale: 1658.6 0.154935 0.154351 0.155637 Add: 2235.7 0.172540 0.171760 0.173709 Triad: 2165.2 0.178430 0.177351 0.179087 Unixtime: 1395256065 
Copy: 1914.4 0.118317 0.117005 0.123390 Scale: 1451.5 0.155539 0.154327 0.160015 Add: 1955.2 0.172726 0.171850 0.176234 Triad: 1894.2 0.179444 0.177385 0.184228 Unixtime: 1395256087 
Copy: 1631.0 0.118105 0.117720 0.119227 Scale: 1242.0 0.155196 0.154588 0.156462 Add: 1672.4 0.173118 0.172210 0.173814 Triad: 1620.5 0.178651 0.177723 0.179947 Unixtime: 1395256108 
Copy: 1362.8 0.117781 0.117407 0.118922 Scale: 1032.3 0.155353 0.154992 0.156297 Add: 1396.1 0.173068 0.171909 0.174019 Triad: 1351.7 0.178623 0.177557 0.180489 Unixtime: 1395256128 
Copy: 1100.3 0.117500 0.116333 0.118675 Scale: 834.3 0.154282 0.153416 0.155660 Add: 1121.2 0.171578 0.171248 0.172373 Triad: 1088.1 0.177604 0.176458 0.179127 Unixtime: 1395256148 
Copy: 550.8 0.116639 0.116188 0.117911 Scale: 417.6 0.153934 0.153273 0.155342 Add: 562.8 0.171119 0.170561 0.172432 Triad: 544.8 0.176790 0.176225 0.177921 Unixtime: 1395256167 
Copy: 277.9 0.115453 0.115151 0.116763 Scale: 210.3 0.152515 0.152135 0.153910 Add: 283.0 0.170418 0.169589 0.171825 Triad: 274.0 0.175551 0.175180 0.176936 Unixtime: 1395256187
