Copy: 4330.0 0.119163 0.118245 0.120672 Scale: 3301.2 0.156847 0.155093 0.159352 Add: 4447.1 0.174637 0.172698 0.176729 Triad: 4300.0 0.179485 0.178606 0.180032 Unixtime: 1395419961 
Copy: 4069.2 0.119588 0.117960 0.122509 Scale: 3092.1 0.156003 0.155236 0.158819 Add: 4169.3 0.173856 0.172690 0.175205 Triad: 4037.8 0.179734 0.178313 0.181196 Unixtime: 1395419987 
Copy: 3797.4 0.118704 0.117974 0.119254 Scale: 2888.7 0.155904 0.155089 0.156989 Add: 3890.0 0.173941 0.172751 0.176409 Triad: 3777.0 0.179229 0.177918 0.180690 Unixtime: 1395420013 
Copy: 3535.9 0.118447 0.117651 0.119325 Scale: 2687.0 0.156090 0.154821 0.157249 Add: 3616.0 0.174580 0.172567 0.180823 Triad: 3504.9 0.179147 0.178035 0.180678 Unixtime: 1395420038 
Copy: 3233.5 0.119951 0.118756 0.124552 Scale: 2466.2 0.157763 0.155706 0.161690 Add: 3323.2 0.174163 0.173327 0.175133 Triad: 3216.7 0.181705 0.179065 0.187363 Unixtime: 1395420064 
Copy: 2989.1 0.118899 0.117763 0.120214 Scale: 2274.4 0.155992 0.154763 0.157449 Add: 3061.0 0.173839 0.172490 0.175126 Triad: 2965.3 0.179402 0.178058 0.180342 Unixtime: 1395420088 
Copy: 2717.6 0.118698 0.117751 0.120167 Scale: 2068.4 0.156005 0.154708 0.157679 Add: 2787.6 0.173319 0.172190 0.174681 Triad: 2695.0 0.178762 0.178105 0.180112 Unixtime: 1395420111 
Copy: 2449.6 0.118541 0.117569 0.119518 Scale: 1861.2 0.155639 0.154741 0.156495 Add: 2505.4 0.173253 0.172431 0.174090 Triad: 2429.4 0.179024 0.177818 0.180401 Unixtime: 1395420135 
Copy: 1909.3 0.117998 0.117322 0.119298 Scale: 1452.1 0.154659 0.154263 0.156223 Add: 1955.2 0.172279 0.171851 0.173498 Triad: 1895.8 0.178220 0.177237 0.179274 Unixtime: 1395420156 
Copy: 2187.4 0.117927 0.117033 0.119271 Scale: 1660.8 0.154927 0.154147 0.155400 Add: 2244.1 0.172277 0.171115 0.173259 Triad: 2171.8 0.177683 0.176811 0.178383 Unixtime: 1395420178 
Copy: 1636.5 0.118299 0.117325 0.119388 Scale: 1240.8 0.155217 0.154741 0.156617 Add: 1673.3 0.173004 0.172113 0.174403 Triad: 1620.9 0.178313 0.177674 0.180088 Unixtime: 1395420201 
Copy: 1363.7 0.118242 0.117330 0.119753 Scale: 1036.7 0.155487 0.154334 0.157119 Add: 1397.7 0.172435 0.171707 0.173858 Triad: 1353.9 0.178045 0.177265 0.179303 Unixtime: 1395420221 
Copy: 1098.3 0.117361 0.116546 0.118328 Scale: 834.9 0.154292 0.153318 0.156102 Add: 1122.3 0.171531 0.171081 0.173003 Triad: 1087.2 0.177717 0.176594 0.180245 Unixtime: 1395420241 
Copy: 820.9 0.117524 0.116949 0.118893 Scale: 623.2 0.154686 0.154035 0.156055 Add: 839.2 0.172331 0.171584 0.173474 Triad: 812.2 0.177739 0.177301 0.179423 Unixtime: 1395420260 
Copy: 551.1 0.116600 0.116125 0.117561 Scale: 417.5 0.153925 0.153283 0.155595 Add: 563.1 0.170947 0.170497 0.172088 Triad: 544.8 0.177082 0.176217 0.177955 Unixtime: 1395420282 
Copy: 278.0 0.115415 0.115128 0.116536 Scale: 210.4 0.152540 0.152117 0.153686 Add: 283.2 0.169977 0.169477 0.171033 Triad: 274.0 0.176024 0.175199 0.177433 Unixtime: 1395420301 
Copy: 4326.2 0.119217 0.118350 0.120376 Scale: 3301.5 0.155940 0.155080 0.156616 Add: 4443.5 0.173681 0.172836 0.175289 Triad: 4298.9 0.179793 0.178651 0.181295 Unixtime: 1395420333 
Copy: 4062.8 0.118728 0.118146 0.120508 Scale: 3089.2 0.156078 0.155379 0.156876 Add: 4170.0 0.175129 0.172662 0.182999 Triad: 4043.3 0.179112 0.178074 0.180937 Unixtime: 1395420365 
Copy: 3789.1 0.119207 0.118235 0.121501 Scale: 2894.4 0.156221 0.154784 0.156825 Add: 3898.6 0.173452 0.172368 0.174571 Triad: 3774.3 0.179012 0.178045 0.180506 Unixtime: 1395420396 
Copy: 3528.2 0.118532 0.117907 0.119461 Scale: 2689.5 0.156095 0.154678 0.159485 Add: 3621.9 0.173870 0.172283 0.179137 Triad: 3503.4 0.178994 0.178113 0.179864 Unixtime: 1395420424 
Copy: 3238.6 0.119146 0.118570 0.120517 Scale: 2467.3 0.156418 0.155635 0.157493 Add: 3320.6 0.173973 0.173462 0.174468 Triad: 3224.6 0.179686 0.178629 0.180876 Unixtime: 1395420451 
Copy: 2989.8 0.119005 0.117735 0.121501 Scale: 2267.3 0.155945 0.155250 0.156818 Add: 3054.8 0.173776 0.172844 0.175413 Triad: 2963.5 0.179083 0.178168 0.179582 Unixtime: 1395420478 
Copy: 2719.9 0.118518 0.117653 0.119629 Scale: 2066.9 0.155908 0.154824 0.157634 Add: 2788.5 0.172982 0.172133 0.174080 Triad: 2701.8 0.179446 0.177661 0.182198 Unixtime: 1395420506 
Copy: 2450.6 0.118331 0.117521 0.119552 Scale: 1861.0 0.156100 0.154754 0.158479 Add: 2510.9 0.172891 0.172049 0.174225 Triad: 2427.6 0.179279 0.177950 0.180703 Unixtime: 1395420532 
Copy: 2188.7 0.117622 0.116964 0.119162 Scale: 1663.8 0.154857 0.153861 0.155712 Add: 2241.4 0.172414 0.171320 0.173568 Triad: 2169.7 0.178221 0.176985 0.179413 Unixtime: 1395420556 
Copy: 1910.1 0.117639 0.117270 0.118431 Scale: 1452.8 0.154683 0.154184 0.156583 Add: 1958.9 0.172323 0.171524 0.176089 Triad: 1896.8 0.178407 0.177140 0.179733 Unixtime: 1395420582 
Copy: 1631.0 0.118447 0.117717 0.122355 Scale: 1240.5 0.156100 0.154780 0.159996 Add: 1672.8 0.172782 0.172168 0.174430 Triad: 1617.7 0.180232 0.178026 0.184420 Unixtime: 1395420606 
Copy: 1363.8 0.117956 0.117317 0.118987 Scale: 1037.0 0.155363 0.154293 0.157648 Add: 1397.6 0.172677 0.171717 0.174222 Triad: 1352.7 0.178032 0.177422 0.178878 Unixtime: 1395420629 
Copy: 1101.3 0.116900 0.116223 0.117858 Scale: 833.1 0.154357 0.153634 0.155760 Add: 1123.9 0.171865 0.170835 0.174070 Triad: 1087.3 0.177607 0.176577 0.179222 Unixtime: 1395420653 
Copy: 820.8 0.117817 0.116956 0.119595 Scale: 623.5 0.154813 0.153979 0.155892 Add: 839.7 0.172086 0.171498 0.173384 Triad: 813.6 0.177607 0.176995 0.178734 Unixtime: 1395420675 
Copy: 551.8 0.116498 0.115992 0.117880 Scale: 418.1 0.153715 0.153086 0.155096 Add: 563.1 0.171329 0.170490 0.173362 Triad: 545.3 0.177087 0.176053 0.178521 Unixtime: 1395420697 
Copy: 278.2 0.115293 0.115038 0.115807 Scale: 210.2 0.152485 0.152214 0.153847 Add: 282.9 0.170393 0.169671 0.172052 Triad: 274.1 0.175788 0.175126 0.176877 Unixtime: 1395420722
