Copy: 3646.7 0.167327 0.166726 0.168265 Scale: 3418.2 0.178825 0.177872 0.180939 Add: 4772.1 0.192010 0.191110 0.192915 Triad: 4644.9 0.197321 0.196346 0.198901 Unixtime: 1399822222 
Copy: 3452.3 0.167761 0.166843 0.169448 Scale: 3229.1 0.179063 0.178377 0.180156 Add: 4503.4 0.192503 0.191854 0.193290 Triad: 4379.8 0.198446 0.197271 0.200671 Unixtime: 1399822254 
Copy: 4588.9 0.119456 0.118548 0.120762 Scale: 3503.2 0.157087 0.155287 0.159388 Add: 4730.2 0.174848 0.172510 0.179399 Triad: 4573.0 0.179751 0.178440 0.182094 Unixtime: 1399822282 
Copy: 4329.4 0.119476 0.118260 0.120412 Scale: 3290.6 0.156510 0.155596 0.157350 Add: 4443.0 0.174462 0.172857 0.178139 Triad: 4316.4 0.179402 0.177926 0.180800 Unixtime: 1399822310 
Copy: 4079.6 0.118492 0.117660 0.119451 Scale: 3089.7 0.156275 0.155357 0.157531 Add: 4188.6 0.173401 0.171895 0.174647 Triad: 4043.4 0.179264 0.178069 0.180799 Unixtime: 1399822337 
Copy: 3790.9 0.118888 0.118177 0.120009 Scale: 2885.0 0.156312 0.155284 0.158944 Add: 3903.2 0.174056 0.172167 0.176569 Triad: 3776.4 0.179643 0.177949 0.183036 Unixtime: 1399822363 
Copy: 3534.3 0.118614 0.117702 0.119819 Scale: 2673.2 0.157117 0.155617 0.158667 Add: 3619.3 0.174555 0.172409 0.177514 Triad: 3506.2 0.179781 0.177972 0.184841 Unixtime: 1399822389 
Copy: 3248.7 0.119735 0.118201 0.121831 Scale: 2476.7 0.156239 0.155046 0.157316 Add: 3325.9 0.174401 0.173186 0.176126 Triad: 3236.8 0.179919 0.177951 0.181206 Unixtime: 1399822413 
Copy: 2991.5 0.118915 0.117666 0.120434 Scale: 2268.5 0.156867 0.155167 0.160365 Add: 3058.3 0.173445 0.172647 0.174663 Triad: 2968.9 0.179885 0.177843 0.184199 Unixtime: 1399822439 
Copy: 2729.2 0.118756 0.117250 0.120045 Scale: 2067.2 0.156642 0.154796 0.160586 Add: 2791.8 0.172957 0.171933 0.174450 Triad: 2699.5 0.179662 0.177813 0.184582 Unixtime: 1399822462 
Copy: 2457.2 0.118644 0.117206 0.120962 Scale: 1862.3 0.155412 0.154646 0.155892 Add: 2508.6 0.173796 0.172205 0.177260 Triad: 2420.0 0.179003 0.178510 0.179834 Unixtime: 1399822485 
Copy: 2182.0 0.119978 0.117322 0.124444 Scale: 1660.1 0.157018 0.154212 0.159712 Add: 2233.8 0.173618 0.171905 0.176010 Triad: 2162.8 0.179438 0.177544 0.183607 Unixtime: 1399822506 
Copy: 1916.7 0.117585 0.116866 0.118452 Scale: 1453.6 0.154942 0.154104 0.156584 Add: 1960.7 0.172261 0.171371 0.173815 Triad: 1898.2 0.177579 0.177012 0.178540 Unixtime: 1399822528 
Copy: 1637.0 0.118132 0.117291 0.119494 Scale: 1246.0 0.155180 0.154095 0.155926 Add: 1676.2 0.172893 0.171819 0.177168 Triad: 1624.9 0.178286 0.177246 0.179785 Unixtime: 1399822548 
Copy: 1367.5 0.118459 0.117006 0.123072 Scale: 1040.0 0.154915 0.153840 0.155929 Add: 1395.9 0.172482 0.171937 0.172989 Triad: 1357.9 0.177972 0.176742 0.179124 Unixtime: 1399822570 
Copy: 1095.3 0.117323 0.116860 0.118625 Scale: 832.8 0.155109 0.153695 0.157462 Add: 1118.3 0.172341 0.171682 0.173410 Triad: 1084.3 0.177677 0.177068 0.178802 Unixtime: 1399822590 
Copy: 3653.1 0.167536 0.166433 0.169877 Scale: 3420.2 0.179466 0.177768 0.184707 Add: 4756.3 0.192966 0.191744 0.197206 Triad: 4640.1 0.197523 0.196547 0.198344 Unixtime: 1399822627 
Copy: 3451.2 0.167559 0.166900 0.167992 Scale: 3224.1 0.179467 0.178654 0.180591 Add: 4487.0 0.193151 0.192558 0.194125 Triad: 4383.0 0.197969 0.197126 0.199100 Unixtime: 1399822694 
Copy: 4581.9 0.120071 0.118729 0.121510 Scale: 3487.3 0.156888 0.155997 0.157652 Add: 4697.4 0.174646 0.173713 0.175537 Triad: 4557.4 0.180077 0.179049 0.181120 Unixtime: 1399823156 
Copy: 4338.8 0.119193 0.118005 0.121064 Scale: 3292.5 0.156958 0.155507 0.158718 Add: 4428.5 0.174371 0.173424 0.175999 Triad: 4305.4 0.180249 0.178380 0.183139 Unixtime: 1399823456 
Copy: 4078.3 0.118977 0.117695 0.121062 Scale: 3100.8 0.155907 0.154801 0.157080 Add: 4190.8 0.173579 0.171806 0.175465 Triad: 4034.5 0.179081 0.178463 0.180310 Unixtime: 1399823643 
Copy: 3783.2 0.119545 0.118417 0.123730 Scale: 2887.9 0.156932 0.155130 0.160716 Add: 3895.7 0.174207 0.172496 0.179919 Triad: 3780.4 0.180223 0.177760 0.185911 Unixtime: 1399823828 
Copy: 3529.1 0.119174 0.117876 0.120791 Scale: 2689.9 0.155739 0.154652 0.156744 Add: 3617.7 0.173576 0.172487 0.175498 Triad: 3505.0 0.179137 0.178029 0.179970 Unixtime: 1399824099 
Copy: 3254.7 0.118717 0.117982 0.119339 Scale: 2472.9 0.156314 0.155283 0.157416 Add: 3329.9 0.173838 0.172977 0.175427 Triad: 3238.0 0.179290 0.177887 0.181477 Unixtime: 1399824151 
Copy: 2986.1 0.118545 0.117879 0.119081 Scale: 2273.4 0.156239 0.154835 0.157597 Add: 3055.4 0.173432 0.172808 0.174431 Triad: 2957.3 0.179480 0.178543 0.180787 Unixtime: 1399824227 
Copy: 2724.1 0.118424 0.117468 0.119080 Scale: 2067.1 0.155931 0.154808 0.157714 Add: 2790.8 0.172917 0.171996 0.174502 Triad: 2691.4 0.178821 0.178347 0.179145 Unixtime: 1399824283 
Copy: 2442.1 0.119578 0.117933 0.126298 Scale: 1860.0 0.155536 0.154842 0.156452 Add: 2518.6 0.173090 0.171527 0.174554 Triad: 2434.1 0.178876 0.177480 0.179853 Unixtime: 1399824345 
Copy: 2187.3 0.118163 0.117039 0.118926 Scale: 1654.9 0.155729 0.154695 0.158730 Add: 2234.0 0.173139 0.171887 0.175424 Triad: 2167.2 0.178539 0.177187 0.179975 Unixtime: 1399824394 
Copy: 1913.1 0.117917 0.117088 0.121482 Scale: 1459.0 0.154675 0.153535 0.155713 Add: 1956.9 0.172415 0.171704 0.173851 Triad: 1897.1 0.177828 0.177108 0.178941 Unixtime: 1399824437 
Copy: 1639.0 0.118212 0.117145 0.119160 Scale: 1244.2 0.154802 0.154321 0.155533 Add: 1680.8 0.172640 0.171343 0.175353 Triad: 1623.0 0.178103 0.177446 0.178899 Unixtime: 1399824560 
Copy: 1370.3 0.118005 0.116764 0.119217 Scale: 1040.3 0.154619 0.153797 0.155921 Add: 1401.3 0.173149 0.171275 0.178706 Triad: 1354.7 0.178592 0.177165 0.183323 Unixtime: 1399824665 
Copy: 1097.6 0.117370 0.116615 0.118917 Scale: 830.9 0.154713 0.154046 0.155817 Add: 1120.4 0.172022 0.171369 0.173727 Triad: 1085.8 0.177961 0.176820 0.179764 Unixtime: 1399824705