Copy: 3649.3 0.167595 0.166607 0.168846 Scale: 3428.0 0.178749 0.177361 0.180439 Add: 4749.8 0.192614 0.192010 0.193745 Triad: 4630.1 0.197780 0.196974 0.199436 Unixtime: 1396608095 
Copy: 4850.9 0.120446 0.118742 0.125395 Scale: 3702.2 0.158223 0.155582 0.164136 Add: 4988.9 0.174712 0.173183 0.178877 Triad: 4820.4 0.181232 0.179237 0.186130 Unixtime: 1396608126 
Copy: 4569.7 0.119743 0.119045 0.121062 Scale: 3482.2 0.157247 0.156223 0.158116 Add: 4709.2 0.174762 0.173277 0.177368 Triad: 4568.7 0.179952 0.178605 0.181133 Unixtime: 1396608155 
Copy: 4319.0 0.119285 0.118547 0.120621 Scale: 3305.0 0.156118 0.154915 0.158185 Add: 4444.8 0.174294 0.172785 0.176979 Triad: 4301.5 0.179849 0.178541 0.183750 Unixtime: 1396608182 
Copy: 4084.1 0.118633 0.117530 0.120038 Scale: 3101.5 0.156169 0.154762 0.157842 Add: 4178.1 0.173796 0.172327 0.175854 Triad: 4045.5 0.179361 0.177976 0.180299 Unixtime: 1396608210 
Copy: 3796.5 0.118793 0.118003 0.119594 Scale: 2884.0 0.156153 0.155338 0.157125 Add: 3900.5 0.173400 0.172287 0.174850 Triad: 3773.1 0.179198 0.178103 0.180377 Unixtime: 1396608236 
Copy: 3539.7 0.118663 0.117524 0.120209 Scale: 2685.1 0.155749 0.154930 0.156811 Add: 3620.8 0.173548 0.172340 0.175931 Triad: 3502.8 0.178935 0.178145 0.179945 Unixtime: 1396608261 
Copy: 3239.5 0.119270 0.118537 0.120468 Scale: 2466.2 0.156842 0.155704 0.158117 Add: 3323.6 0.174108 0.173308 0.174971 Triad: 3225.1 0.179810 0.178599 0.180799 Unixtime: 1396608289 
Copy: 2978.5 0.119007 0.118180 0.119949 Scale: 2269.5 0.156131 0.155102 0.156823 Add: 3048.5 0.173691 0.173200 0.174664 Triad: 2951.5 0.179491 0.178891 0.179803 Unixtime: 1396608315 
Copy: 2713.7 0.118904 0.117922 0.119749 Scale: 2066.0 0.155568 0.154891 0.156551 Add: 2785.7 0.173576 0.172307 0.176498 Triad: 2683.8 0.179168 0.178853 0.179681 Unixtime: 1396608338 
Copy: 2436.7 0.118918 0.118195 0.119730 Scale: 1857.0 0.155766 0.155086 0.156549 Add: 2506.7 0.173470 0.172336 0.176223 Triad: 2425.5 0.179024 0.178105 0.179365 Unixtime: 1396608360 
Copy: 2183.5 0.118272 0.117245 0.121740 Scale: 1658.1 0.155187 0.154397 0.156357 Add: 2235.8 0.172563 0.171751 0.174670 Triad: 2158.7 0.178477 0.177888 0.178998 Unixtime: 1396608384 
Copy: 1918.1 0.117811 0.116782 0.118823 Scale: 1450.5 0.155050 0.154426 0.156028 Add: 1960.3 0.172706 0.171406 0.175153 Triad: 1891.5 0.178233 0.177639 0.180089 Unixtime: 1396608406 
Copy: 1636.5 0.118331 0.117327 0.120090 Scale: 1245.6 0.155658 0.154137 0.161054 Add: 1675.5 0.173479 0.171894 0.177080 Triad: 1622.2 0.178731 0.177535 0.183329 Unixtime: 1396608427 
Copy: 1369.3 0.117745 0.116850 0.119285 Scale: 1038.3 0.155018 0.154102 0.156937 Add: 1403.3 0.172373 0.171025 0.174187 Triad: 1353.7 0.178405 0.177293 0.179357 Unixtime: 1396608455 
Copy: 1097.4 0.117377 0.116640 0.118893 Scale: 833.4 0.154714 0.153582 0.156448 Add: 1122.4 0.171875 0.171066 0.173294 Triad: 1084.1 0.178110 0.177104 0.180933 Unixtime: 1396608475 
Copy: 821.7 0.117766 0.116837 0.119706 Scale: 625.2 0.154494 0.153560 0.155989 Add: 840.3 0.172436 0.171365 0.175591 Triad: 813.5 0.177793 0.177013 0.179009 Unixtime: 1396608499 
Copy: 553.7 0.116437 0.115593 0.117772 Scale: 420.0 0.153189 0.152365 0.155497 Add: 566.7 0.170163 0.169395 0.171347 Triad: 547.7 0.176312 0.175282 0.177571 Unixtime: 1396608518 
Copy: 279.6 0.114592 0.114439 0.114788 Scale: 211.5 0.151950 0.151271 0.153284 Add: 285.0 0.168930 0.168393 0.170147 Triad: 275.1 0.174873 0.174490 0.175814 Unixtime: 1396608537 
Copy: 3653.4 0.167129 0.166421 0.167566 Scale: 3417.6 0.178846 0.177900 0.179952 Add: 4745.2 0.192992 0.192193 0.194238 Triad: 4636.5 0.197846 0.196702 0.198772 Unixtime: 1396608570 
Copy: 4870.5 0.120341 0.118262 0.123320 Scale: 3703.0 0.156641 0.155551 0.157446 Add: 4978.1 0.174485 0.173560 0.176188 Triad: 4815.7 0.180001 0.179414 0.181245 Unixtime: 1396608835 
Copy: 4565.9 0.120358 0.119143 0.123521 Scale: 3494.0 0.156550 0.155694 0.157728 Add: 4687.1 0.174907 0.174094 0.176097 Triad: 4557.0 0.180390 0.179067 0.183457 Unixtime: 1396608971 
Copy: 4342.3 0.119131 0.117911 0.120096 Scale: 3297.4 0.156267 0.155273 0.158222 Add: 4441.6 0.174201 0.172912 0.175756 Triad: 4307.7 0.179713 0.178284 0.181599 Unixtime: 1396609378 
Copy: 4073.3 0.119297 0.117840 0.121312 Scale: 3103.7 0.155985 0.154653 0.156970 Add: 4176.4 0.173708 0.172399 0.175786 Triad: 4027.3 0.179690 0.178780 0.180541 Unixtime: 1396609445 
Copy: 3800.8 0.119049 0.117871 0.122220 Scale: 2894.2 0.156391 0.154791 0.160490 Add: 3901.6 0.174773 0.172239 0.179165 Triad: 3769.9 0.180051 0.178255 0.185388 Unixtime: 1396609627 
Copy: 3544.0 0.118805 0.117383 0.120000 Scale: 2684.2 0.155844 0.154982 0.157122 Add: 3612.0 0.173846 0.172759 0.174885 Triad: 3494.8 0.179244 0.178551 0.180308 Unixtime: 1396609863 
Copy: 3245.5 0.119240 0.118318 0.119808 Scale: 2461.7 0.157224 0.155992 0.159997 Add: 3333.7 0.174497 0.172779 0.176622 Triad: 3223.9 0.179679 0.178668 0.180708 Unixtime: 1396609919 
Copy: 2979.1 0.118805 0.118158 0.119556 Scale: 2271.3 0.156089 0.154974 0.157197 Add: 3055.3 0.173632 0.172813 0.174933 Triad: 2967.1 0.179061 0.177950 0.180011 Unixtime: 1396610044 
Copy: 2721.1 0.137376 0.117599 0.267877 Scale: 2063.2 0.178924 0.155100 0.341993 Add: 2801.7 0.192645 0.171322 0.263166 Triad: 2692.0 0.207493 0.178304 0.404945 Unixtime: 1396610227 
Copy: 2439.9 0.119769 0.118037 0.123378 Scale: 1859.6 0.155968 0.154868 0.156965 Add: 2508.1 0.174835 0.172239 0.179639 Triad: 2426.4 0.180239 0.178043 0.185971 Unixtime: 1396610649 
Copy: 2183.3 0.118660 0.117253 0.122710 Scale: 1657.0 0.156170 0.154493 0.159374 Add: 2233.7 0.173577 0.171912 0.179007 Triad: 2166.8 0.178961 0.177222 0.182684 Unixtime: 1396610708 
Copy: 1916.6 0.117749 0.116875 0.118580 Scale: 1460.1 0.154710 0.153409 0.156134 Add: 1959.4 0.172084 0.171484 0.173190 Triad: 1895.4 0.178316 0.177273 0.179700 Unixtime: 1396610848 
Copy: 1638.9 0.117717 0.117154 0.118516 Scale: 1245.1 0.155772 0.154202 0.158945 Add: 1680.6 0.171950 0.171371 0.173302 Triad: 1623.9 0.178360 0.177351 0.179834 Unixtime: 1396610939 
Copy: 1369.0 0.118216 0.116876 0.120944 Scale: 1039.9 0.155008 0.153861 0.156453 Add: 1397.1 0.173260 0.171782 0.178341 Triad: 1354.9 0.178128 0.177139 0.178624 Unixtime: 1396611042 
Copy: 1095.9 0.117387 0.116800 0.118582 Scale: 835.0 0.155040 0.153292 0.160584 Add: 1122.9 0.172733 0.170989 0.176633 Triad: 1084.8 0.177777 0.176993 0.181970 Unixtime: 1396611129 
Copy: 822.9 0.117474 0.116661 0.118529 Scale: 624.4 0.154576 0.153740 0.155577 Add: 842.1 0.172132 0.171002 0.173566 Triad: 813.5 0.177544 0.177009 0.178705 Unixtime: 1396611181 
Copy: 553.7 0.115928 0.115576 0.117025 Scale: 419.5 0.153173 0.152562 0.154322 Add: 565.7 0.171343 0.169699 0.175775 Triad: 546.3 0.176556 0.175723 0.178530 Unixtime: 1396611222 
Copy: 279.5 0.114960 0.114479 0.117016 Scale: 211.5 0.151771 0.151289 0.152776 Add: 285.1 0.168848 0.168351 0.169901 Triad: 275.2 0.175063 0.174450 0.175792 Unixtime: 1396611260
