1399980874 78.18532
1399980876 77.820539
1399980878 77.57163
1399980881 79.477072
1399980883 78.698158
1399980885 78.193903
1399980887 77.730417
1399980890 78.378439
1399980892 77.543736
1399980894 78.721762
1399980896 78.70245
1399980899 78.753948
1399980901 78.084469
1399980903 78.402042
1399980905 77.678919
1399980908 77.535152
1399980910 78.657389
1399980912 78.638077
1399980914 78.204632
1399980916 77.77977
1399980919 78.103781
1399980921 77.535152
1399980923 78.732491
1399980925 78.713179
1399980928 78.565121
1399980930 77.897787
1399980932 78.569412
1399980934 77.85058
1399980937 77.72398
1399980939 78.753948
1399980941 78.700304
1399980943 78.028679
1399980945 77.801228
1399980948 78.230381
1399980950 77.515841
1399980952 78.668118
1399980954 78.685284
1399980957 78.52006
1399980959 77.960014
1399980961 78.5501
1399980963 77.687502
1399980966 77.968597
1399980968 78.678846
1399980970 78.680992
1399980972 78.161716
1399980974 77.796936
1399980977 78.052282
1399980979 77.657461
1399980981 78.743219
1399980983 78.805447
1399980986 78.676701
1399980988 77.861309
1399980990 78.38273
1399980992 77.554464
1399980994 78.189611
1399980997 78.719616
1399980999 78.629494
1399981001 77.841997
1399981003 77.882767
1399981006 78.045845
1399981008 77.560902
1399981010 78.715324
1399981012 78.678846
1399981014 78.275442
1399981017 77.758312
1399981019 78.374147
1399981021 77.567339
1399981023 78.470707
1399981026 78.783989
1399981028 78.756094
1399981030 77.994347
1399981032 77.852726
1399981035 78.026533
1399981037 77.496529
1399981039 78.723907
1399981041 78.736782
1399981044 78.588724
1399981046 77.818394
1399981048 78.187466
1399981050 77.539444
1399981052 78.618765
1399981055 78.741074
1399981057 78.515768
1399981059 77.927828
1399981061 78.099489
1399981064 77.899933
1399981066 77.558756
1399981068 78.670263
1399981070 78.708887
1399981072 78.120947
1399981075 77.841997
1399981077 78.005075
1399981079 77.72398
1399981081 78.728199
1399981084 78.674555
1399981086 78.659534
1399981088 77.805519
1399981090 78.189611
1399981092 77.90637
1399981095 77.588797
1399981097 78.685284
1399981099 78.64666
1399981101 78.208923
1399981104 77.790499
1399981106 78.481436
1399981108 77.629566
1399981110 78.764677
1399981113 78.676701
1399981115 78.545809
1399981117 77.76475
1399981119 78.414917
1399981121 77.803373
1399981124 77.605963
1399981126 78.618765
1399981128 78.638077
1399981130 78.035116
1399981132 77.801228
1399981135 78.193903
1399981137 77.421427
1399981139 78.704596
1399981141 78.672409
1399981144 79.65517
1399981146 79.429865
1399981148 80.758095
1399981150 79.185247
1399981152 79.541445
1399981155 80.208778
1399981157 81.045628
1399981159 79.556465
1399981161 79.479218
1399981164 80.022097
1399981166 79.129457
1399981168 80.286026
1399981170 80.217361
1399981172 80.137968
1399981175 79.622984
1399981177 80.039263
1399981179 79.921246
1399981181 81.09498
1399981184 80.762386
1399981186 81.845999
1399981188 79.942703
1399981190 79.376221
1399981192 79.850435
1399981195 79.243183
1399981197 80.221653
1399981199 80.15728
1399981201 80.095053
1399981204 79.406261
1399981206 79.98991
1399981208 79.153061
1399981210 79.618692
1399981213 80.309629
1399981215 80.112219
1399981217 79.389095
1399981219 80.307484
1399981221 79.58436
1399981224 80.097198
1399981226 79.998493
1399981228 79.605818
1399981230 79.292536
1399981233 79.607964
1399981235 78.736782
1399981237 79.541445
1399981239 79.880476
1399981242 79.848289
1399981244 79.532862
1399981246 78.097343
1399981248 78.056574
1399981250 77.498674
1399981253 78.644514
1399981255 78.685284
1399981257 78.208923
1399981259 77.867746
1399981262 78.273296
1399981264 77.642441
1399981266 78.492165
1399981268 78.599453
1399981270 78.66168
1399981273 77.985764
1399981275 78.056574
1399981277 77.824831
1399981279 77.520132
1399981282 78.567266
1399981284 78.620911
1399981286 78.290462
1399981288 77.751875
1399981290 78.384876
1399981293 77.721834
1399981295 78.689575
1399981297 78.687429
1399981299 78.70245
1399981302 78.075886
1399981304 77.726126
1399981306 77.711105
1399981308 77.477217
1399981310 78.653097
1399981313 78.625202
1399981315 78.071594
1399981317 77.775478
1399981319 78.644514
1399981322 77.640295
1399981324 77.919245
1399981326 78.64666
1399981328 78.500748
1399981330 77.841997
1399981333 77.72398
1399981335 77.567339
1399981337 77.460051
1399981339 78.64666
1399981342 78.597307
1399981344 78.410625
1399981346 77.70896
1399981348 78.221798
1399981350 77.535152
1399981353 76.923609
1399981355 76.357126
1399981357 76.397896
1399981359 76.758385
1399981362 76.766968
1399981364 78.468561
1399981366 77.211142
1399981368 77.990055
1399981370 77.846289
1399981373 77.869892
1399981375 78.037262
1399981377 78.417063
1399981379 76.657534
1399981382 77.44503
1399981384 79.324722
1399981386 77.666044
1399981388 77.108145
1399981390 76.878548
1399981393 76.869965
1399981395 76.975107
1399981397 79.118729
1399981399 78.998566
1399981402 77.406406
1399981404 76.949358
1399981406 77.610254
1399981408 76.775551
1399981410 77.644587
1399981413 77.826977
1399981415 77.685356
1399981417 76.779842
1399981419 77.050209
1399981422 76.938629
1399981424 76.530933
1399981426 77.588797
1399981428 77.575922
1399981430 77.138186
1399981433 77.414989
1399981435 77.114582
1399981437 76.552391
1399981439 77.773333
1399981442 77.584505
1399981444 77.601671
1399981446 76.87211
1399981448 77.357054
1399981451 76.734781
1399981453 76.676846
1399981455 77.492237
1399981457 77.397823
1399981459 77.284098
1399981462 76.788425
1399981464 77.159643
1399981466 76.189756
1399981468 76.449394
1399981471 76.305628
1399981473 76.256275
1399981475 75.511694
1399981477 75.940847
1399981479 75.359344
1399981482 75.284243
1399981484 76.350689
1399981486 76.307774
1399981488 75.76704
1399981491 75.520277
1399981493 76.080322
1399981495 75.294971
1399981497 76.344252
1399981500 76.385021
1399981502 76.32494
1399981504 75.561047
1399981506 76.144695
1399981508 75.524569
1399981511 75.387239
1399981513 76.254129
1399981515 76.350689
1399981517 75.912952
1399981519 75.539589
1399981522 73.814392
1399981524 73.003292
1399981526 74.245691
1399981528 75.230598
1399981531 76.292753
1399981533 75.91939
1399981535 75.608253
1399981537 74.612617
1399981540 75.45805
1399981542 76.148987
1399981544 75.037479
1399981546 74.775696
1399981548 74.252129
1399981551 74.60618
1399981553 73.958158
1399981555 75.136185
1399981558 75.166225
1399981560 75.200558
1399981562 74.904442
1399981564 75.187683
1399981566 76.112509
1399981569 75.380802
1399981571 75.333595
1399981573 74.462414
1399981575 74.4946
1399981578 74.537516
1399981580 74.005365
1399981582 75.211287
1399981584 75.286388
1399981586 74.769258
1399981589 74.355125
1399981591 74.597597
1399981593 73.908806
1399981595 74.803591
1399981598 76.206923
1399981600 75.45805
1399981602 74.402332
1399981604 74.404478
1399981607 74.391603
1399981609 74.305773
1399981611 75.608253
1399981613 75.571775
1399981615 75.209141
1399981618 74.537516
1399981620 74.938774
1399981622 74.039698
1399981624 75.247765
1399981627 75.466633
1399981629 74.106216
1399981631 74.194193
1399981633 73.518276
1399981636 73.142767
1399981638 72.782278
1399981640 74.18561
1399981642 74.155569
1399981644 73.953867
1399981647 73.288679
1399981649 73.415279
1399981651 72.814465
1399981653 74.183464
1399981656 74.207067
1399981658 74.204922
1399981660 73.395967
1399981662 73.702812
1399981665 73.372364
1399981667 72.861671
1399981669 74.262857
1399981671 74.217796
1399981674 71.430445
1399981676 70.966959
1399981678 71.166515
1399981680 71.484089
1399981683 73.786497
1399981685 73.975325
1399981687 71.717978
1399981689 71.522713
1399981692 71.87891
1399981694 70.988417
1399981696 72.059155
1399981698 74.672699
1399981701 72.363853
1399981703 71.702957
1399981705 73.08054
1399981707 72.34025
1399981709 72.666407
1399981712 74.106216
1399981714 74.123383
1399981716 73.765039
1399981718 73.001146
1399981721 73.170662
1399981723 72.290897
1399981725 73.498964
1399981727 73.488235
1399981730 73.578358
1399981732 72.844505
1399981734 72.958231
1399981736 73.640585
1399981739 72.696447
1399981741 74.067593
1399981743 73.580503
1399981745 73.492527
1399981747 72.644949
1399981750 73.250055
1399981752 72.194338
1399981754 73.692083
1399981756 73.576212
1399981759 73.526859
1399981761 72.85738
1399981763 73.033333
1399981765 72.484016
1399981767 72.059155
1399981770 74.052572
1399981772 73.94743
1399981774 73.608398
1399981776 73.144913
1399981779 73.26293
1399981781 72.140694
1399981783 73.46034
1399981785 73.580503
1399981788 73.546171
1399981790 73.108435
1399981792 73.859453
1399981795 72.921753
1399981797 72.78657
1399981799 74.136257
1399981801 74.065447
1399981803 73.340178
