Copy: 3642,9 0,167579 0,166902 0,1682 Scale: 3421,8 0,17856 0,177684 0,180669 Add: 4765,8 0,192147 0,191363 0,193377 Triad: 4632,1 0,197686 0,196887 0,199842 Unixtime: 1400184600
Copy: 3451,6 0,16803 0,166881 0,16974 Scale: 3236,2 0,17914 0,177987 0,18171 Add: 4501,4 0,192586 0,19194 0,193247 Triad: 4377,4 0,198159 0,197377 0,199415 Unixtime: 1400184639
Copy: 4556,4 0,119821 0,119392 0,120385 Scale: 3497,7 0,158162 0,155529 0,166979 Add: 4702 0,174494 0,173543 0,175429 Triad: 4557,4 0,179882 0,179051 0,181494 Unixtime: 1400184668
Copy: 4332,8 0,119976 0,118168 0,123008 Scale: 3283,9 0,157024 0,155912 0,159593 Add: 4452,4 0,17411 0,172493 0,177651 Triad: 4303,4 0,179603 0,178463 0,1815 Unixtime: 1400184696
Copy: 4066,9 0,119759 0,118025 0,124067 Scale: 3087,7 0,158191 0,155454 0,167592 Add: 4165,9 0,174455 0,172831 0,178412 Triad: 4021 0,180979 0,179058 0,184105 Unixtime: 1400184723
Copy: 3789,7 0,118881 0,118214 0,120375 Scale: 2879,6 0,156449 0,155579 0,157537 Add: 3897,1 0,173939 0,172434 0,179034 Triad: 3765,3 0,180277 0,178473 0,184806 Unixtime: 1400184750
Copy: 3532,2 0,119015 0,117775 0,12003 Scale: 2694,2 0,155403 0,154403 0,156232 Add: 3620,4 0,173119 0,172356 0,173768 Triad: 3505,3 0,179574 0,178015 0,183813 Unixtime: 1400184776
Copy: 3241 0,119446 0,118483 0,12154 Scale: 2475,3 0,156068 0,15513 0,157608 Add: 3328,2 0,174335 0,173067 0,176087 Triad: 3212,8 0,179984 0,179284 0,181033 Unixtime: 1400184801
Copy: 2988,5 0,118564 0,117785 0,120391 Scale: 2272,1 0,155955 0,15492 0,157066 Add: 3052 0,174485 0,173 0,178319 Triad: 2962,1 0,179374 0,178251 0,180518 Unixtime: 1400184825
Copy: 2688,4 0,120246 0,11903 0,123105 Scale: 2055,9 0,156602 0,15565 0,158891 Add: 2771,5 0,17381 0,173194 0,174435 Triad: 2689,3 0,179394 0,178482 0,180387 Unixtime: 1400184849
Copy: 2452 0,118587 0,117457 0,119464 Scale: 1856,1 0,156499 0,155166 0,158118 Add: 2504,5 0,17335 0,172487 0,175781 Triad: 2427,5 0,178839 0,177961 0,180413 Unixtime: 1400184872
Copy: 2191 0,117717 0,116844 0,118578 Scale: 1661,7 0,15474 0,15406 0,155394 Add: 2237,7 0,172212 0,171602 0,173168 Triad: 2155,3 0,178903 0,178162 0,179955 Unixtime: 1400184894
Copy: 1914,5 0,117539 0,117005 0,117822 Scale: 1451 0,155275 0,154371 0,157356 Add: 1955,4 0,172375 0,171834 0,173453 Triad: 1896 0,17799 0,177219 0,179174 Unixtime: 1400184916
Copy: 1634,9 0,118056 0,117438 0,119279 Scale: 1240,2 0,155384 0,154816 0,156474 Add: 1672,5 0,173239 0,172198 0,175912 Triad: 1620,9 0,17833 0,177682 0,179356 Unixtime: 1400184937
Copy: 1359,6 0,118206 0,11768 0,11894 Scale: 1036,2 0,155121 0,154413 0,157813 Add: 1396 0,172679 0,171914 0,173625 Triad: 1350,4 0,178433 0,177721 0,179311 Unixtime: 1400184958
Copy: 1100,9 0,117266 0,116272 0,12021 Scale: 834,5 0,154211 0,153381 0,155253 Add: 1121,3 0,172031 0,171229 0,172875 Triad: 1088,3 0,177186 0,176415 0,178472 Unixtime: 1400184978
Copy: 3646,6 0,167241 0,166729 0,168219 Scale: 3418,2 0,178659 0,177873 0,18078 Add: 4765,5 0,191981 0,191377 0,193239 Triad: 4643,4 0,197292 0,196408 0,198611 Unixtime: 1400185012
Copy: 3440,6 0,168098 0,167411 0,169477 Scale: 3237,6 0,178671 0,17791 0,179257 Add: 4494,7 0,192851 0,192225 0,194271 Triad: 4380,3 0,19804 0,197245 0,199285 Unixtime: 1400185073
Copy: 4562,6 0,119711 0,119229 0,120293 Scale: 3472,3 0,157743 0,15667 0,160776 Add: 4686,1 0,175319 0,174131 0,177108 Triad: 4556,1 0,180857 0,179099 0,187714 Unixtime: 1400185172
Copy: 4324,6 0,119836 0,118393 0,12281 Scale: 3288,8 0,156178 0,155681 0,156877 Add: 4438,8 0,174464 0,173019 0,176293 Triad: 4293,6 0,179613 0,178872 0,181284 Unixtime: 1400185251
Copy: 4050,1 0,118936 0,118516 0,12004 Scale: 3096,6 0,156007 0,155007 0,157123 Add: 4166,5 0,174206 0,172807 0,175558 Triad: 4039,5 0,179118 0,178241 0,180018 Unixtime: 1400185401
Copy: 3797,4 0,119004 0,117974 0,12004 Scale: 2899,1 0,155783 0,154529 0,156571 Add: 3885,1 0,174946 0,172969 0,179875 Triad: 3768,2 0,179108 0,178335 0,179977 Unixtime: 1400185648
Copy: 3539,1 0,118146 0,117544 0,118926 Scale: 2682,4 0,155935 0,155087 0,156353 Add: 3615,8 0,173489 0,172577 0,174635 Triad: 3515,3 0,179724 0,177512 0,186499 Unixtime: 1400185722
Copy: 3247,3 0,119111 0,118251 0,120747 Scale: 2468,1 0,156745 0,155582 0,157661 Add: 3325,3 0,174165 0,173215 0,177752 Triad: 3224,8 0,179621 0,178614 0,180564 Unixtime: 1400185820
Copy: 2988,1 0,118431 0,117802 0,119009 Scale: 2271,1 0,156157 0,154993 0,160289 Add: 3046,8 0,174344 0,173295 0,175434 Triad: 2960,2 0,179195 0,178368 0,180799 Unixtime: 1400185962
Copy: 2704,3 0,119186 0,11833 0,122414 Scale: 2058,2 0,156707 0,155473 0,158017 Add: 2768,9 0,174328 0,173356 0,175252 Triad: 2694 0,179292 0,178173 0,18095 Unixtime: 1400186096
Copy: 2440,2 0,118701 0,118024 0,119805 Scale: 1856,2 0,155954 0,155155 0,156871 Add: 2511,3 0,172916 0,17202 0,173868 Triad: 2418,7 0,179567 0,178607 0,181321 Unixtime: 1400186191
Copy: 2189,3 0,118018 0,116932 0,118647 Scale: 1662,6 0,15469 0,153977 0,155412 Add: 2242,1 0,172229 0,171265 0,172983 Triad: 2170,3 0,178323 0,176938 0,17931 Unixtime: 1400186338
Copy: 1909,9 0,117692 0,117283 0,119443 Scale: 1451 0,154997 0,154381 0,156366 Add: 1955,8 0,172666 0,1718 0,174105 Triad: 1897,6 0,177943 0,177069 0,179495 Unixtime: 1400186451
Copy: 1631,3 0,119117 0,117698 0,1234 Scale: 1242,9 0,156022 0,154483 0,159678 Add: 1673,2 0,174174 0,17213 0,179828 Triad: 1619,5 0,178333 0,17783 0,179708 Unixtime: 1400186526
Copy: 1363,4 0,118274 0,117353 0,119812 Scale: 1035,3 0,155188 0,154543 0,156276 Add: 1397 0,172374 0,171801 0,173763 Triad: 1351,9 0,178516 0,177533 0,179593 Unixtime: 1400186653
Copy: 1099,7 0,117193 0,116391 0,118274 Scale: 833,7 0,154751 0,153539 0,156469 Add: 1123,8 0,171673 0,17085 0,174881 Triad: 1085,8 0,177822 0,17683 0,178909 Unixtime: 1400186763
                     
"Mittelwerte 03-16"  0,118791     0,156077     0,173474     0,179196    
                     
"Minimum 03-16"  0,117266     0,154211     0,172031     0,177186    
                     
"Maximum 03-16"  0,120246     0,158191     0,174494     0,180979    
