3646.6 0.167241 3418.2 0.178659 4765.5 0.191981 4643.4 0.197292 19
3440.6 0.168098 3237.6 0.178671 4494.7 0.192851 4380.3 0.198040 18
4562.6 0.119711 3472.3 0.157743 4686.1 0.175319 4556.1 0.180857 17
4324.6 0.119836 3288.8 0.156178 4438.8 0.174464 4293.6 0.179613 16
4050.1 0.118936 3096.6 0.156007 4166.5 0.174206 4039.5 0.179118 15
3797.4 0.119004 2899.1 0.155783 3885.1 0.174946 3768.2 0.179108 14
3539.1 0.118146 2682.4 0.155935 3615.8 0.173489 3515.3 0.179724 13
3247.3 0.119111 2468.1 0.156745 3325.3 0.174165 3224.8 0.179621 12
2988.1 0.118431 2271.1 0.156157 3046.8 0.174344 2960.2 0.179195 11
2704.3 0.119186 2058.2 0.156707 2768.9 0.174328 2694.0 0.179292 10
2440.2 0.118701 1856.2 0.155954 2511.3 0.172916 2418.7 0.179567 9
2189.3 0.118018 1662.6 0.154690 2242.1 0.172229 2170.3 0.178323 8
1909.9 0.117692 1451.0 0.154997 1955.8 0.172666 1897.6 0.177943 7
1631.3 0.119117 1242.9 0.156022 1673.2 0.174174 1619.5 0.178333 6
1363.4 0.118274 1035.3 0.155188 1397.0 0.172374 1351.9 0.178516 5
1099.7 0.117193 833.7 0.154751 1123.8 0.171673 1085.8 0.177822 4
