Copy: 3651.7 0.167360 0.166498 0.169258 Scale: 3426.8 0.179530 0.177426 0.187929 Add: 4752.1 0.192599 0.191915 0.194069 Triad: 4626.7 0.198003 0.197116 0.199159 Unixtime: 1399977071 
Copy: 4855.8 0.119355 0.118620 0.120716 Scale: 3701.4 0.156774 0.155617 0.158357 Add: 4969.6 0.175452 0.173856 0.178293 Triad: 4841.0 0.179931 0.178475 0.181085 Unixtime: 1399977100 
Copy: 4593.2 0.119849 0.118437 0.124100 Scale: 3480.6 0.157949 0.156293 0.162215 Add: 4706.5 0.174464 0.173377 0.175653 Triad: 4572.3 0.179928 0.178466 0.181140 Unixtime: 1399977128 
Copy: 4349.5 0.119470 0.117714 0.123943 Scale: 3297.1 0.156579 0.155290 0.159296 Add: 4432.4 0.174230 0.173271 0.176555 Triad: 4298.7 0.179925 0.178657 0.181769 Unixtime: 1399977158 
Copy: 4084.3 0.119488 0.117524 0.122071 Scale: 3093.5 0.156902 0.155164 0.159589 Add: 4184.4 0.173716 0.172068 0.174992 Triad: 4038.3 0.179096 0.178293 0.181068 Unixtime: 1399977191 
Copy: 3800.0 0.118810 0.117894 0.119308 Scale: 2889.6 0.156555 0.155039 0.158696 Add: 3890.1 0.173836 0.172747 0.176141 Triad: 3767.5 0.180140 0.178369 0.185730 Unixtime: 1399977217 
Copy: 3532.6 0.119559 0.117759 0.122513 Scale: 2684.2 0.156558 0.154979 0.161558 Add: 3621.8 0.173986 0.172292 0.176412 Triad: 3496.6 0.179017 0.178458 0.179780 Unixtime: 1399977242 
Copy: 3253.2 0.119012 0.118038 0.120174 Scale: 2472.7 0.156588 0.155297 0.159024 Add: 3332.6 0.174510 0.172838 0.175682 Triad: 3220.4 0.179445 0.178860 0.180209 Unixtime: 1399977268 
Copy: 2978.9 0.118904 0.118166 0.120160 Scale: 2263.9 0.156238 0.155482 0.157273 Add: 3055.1 0.174837 0.172828 0.183426 Triad: 2972.0 0.179368 0.177659 0.184015 Unixtime: 1399977292 
Copy: 2721.6 0.119303 0.117579 0.123628 Scale: 2069.9 0.155595 0.154594 0.157451 Add: 2796.3 0.172964 0.171656 0.175449 Triad: 2694.0 0.178875 0.178173 0.179816 Unixtime: 1399977318 
Copy: 2441.2 0.118616 0.117976 0.119678 Scale: 1861.3 0.155718 0.154733 0.156695 Add: 2515.6 0.173021 0.171728 0.174248 Triad: 2423.2 0.179228 0.178276 0.180991 Unixtime: 1399977342 
Copy: 2192.9 0.117983 0.116738 0.119430 Scale: 1654.5 0.155147 0.154726 0.156282 Add: 2230.9 0.174500 0.172131 0.179033 Triad: 2163.7 0.178900 0.177474 0.183314 Unixtime: 1399977364 
Copy: 1919.5 0.117595 0.116697 0.118849 Scale: 1458.3 0.154947 0.153608 0.157763 Add: 1956.9 0.172656 0.171696 0.174999 Triad: 1900.3 0.177688 0.176816 0.179081 Unixtime: 1399977385 
Copy: 1636.3 0.118301 0.117337 0.119581 Scale: 1244.4 0.155091 0.154293 0.155879 Add: 1672.8 0.172478 0.172164 0.173332 Triad: 1621.6 0.178469 0.177603 0.179053 Unixtime: 1399977406 
Copy: 1371.9 0.118429 0.116627 0.124123 Scale: 1039.9 0.155511 0.153855 0.159688 Add: 1398.6 0.172298 0.171606 0.173147 Triad: 1355.3 0.178670 0.177088 0.186209 Unixtime: 1399977426 
Copy: 1097.9 0.117831 0.116591 0.119796 Scale: 831.4 0.154526 0.153960 0.155571 Add: 1121.7 0.171962 0.171171 0.173403 Triad: 1082.8 0.178223 0.177322 0.181973 Unixtime: 1399977446 
Copy: 3648.3 0.167100 0.166652 0.167652 Scale: 3415.8 0.179264 0.177994 0.183516 Add: 4751.8 0.193718 0.191928 0.201253 Triad: 4628.5 0.198387 0.197039 0.200902 Unixtime: 1399977480 
Copy: 4848.1 0.120714 0.118810 0.124151 Scale: 3706.5 0.157044 0.155403 0.158774 Add: 4966.2 0.174744 0.173977 0.176952 Triad: 4821.8 0.179912 0.179187 0.180604 Unixtime: 1399977828 
Copy: 4570.7 0.119470 0.119020 0.120033 Scale: 3501.0 0.156893 0.155383 0.158374 Add: 4720.4 0.173961 0.172865 0.174970 Triad: 4566.6 0.180462 0.178690 0.184608 Unixtime: 1399977885 
Copy: 4331.8 0.119136 0.118195 0.120098 Scale: 3292.3 0.156357 0.155512 0.157088 Add: 4433.9 0.174049 0.173212 0.174899 Triad: 4300.6 0.179258 0.178579 0.180328 Unixtime: 1399978094 
Copy: 4066.5 0.119210 0.118039 0.120142 Scale: 3098.1 0.156042 0.154936 0.156947 Add: 4178.3 0.173552 0.172320 0.175923 Triad: 4043.0 0.179518 0.178086 0.181253 Unixtime: 1399978155 
Copy: 3788.2 0.118895 0.118261 0.120045 Scale: 2896.4 0.156431 0.154673 0.158555 Add: 3889.2 0.173536 0.172785 0.174470 Triad: 3765.3 0.179431 0.178472 0.180667 Unixtime: 1399978257 
Copy: 3541.1 0.118582 0.117478 0.119578 Scale: 2690.5 0.155845 0.154619 0.156679 Add: 3618.5 0.173786 0.172448 0.176489 Triad: 3512.2 0.179252 0.177666 0.181408 Unixtime: 1399978463 
Copy: 3262.3 0.118539 0.117709 0.119197 Scale: 2477.4 0.156383 0.154999 0.157742 Add: 3322.8 0.174043 0.173349 0.175868 Triad: 3227.6 0.179657 0.178459 0.181372 Unixtime: 1399978572 
Copy: 2974.4 0.119066 0.118345 0.119884 Scale: 2277.8 0.155500 0.154535 0.156643 Add: 3065.8 0.173645 0.172223 0.174676 Triad: 2977.9 0.179300 0.177304 0.181814 Unixtime: 1399978623 
Copy: 2725.6 0.118479 0.117406 0.119285 Scale: 2069.4 0.155673 0.154633 0.157532 Add: 2783.8 0.173325 0.172428 0.175300 Triad: 2702.1 0.178886 0.177639 0.180583 Unixtime: 1399978774 
Copy: 2453.8 0.118951 0.117368 0.120511 Scale: 1866.7 0.155468 0.154282 0.157118 Add: 2509.7 0.173379 0.172133 0.174492 Triad: 2430.9 0.178777 0.177709 0.180434 Unixtime: 1399978968 
Copy: 2182.9 0.118314 0.117275 0.119461 Scale: 1653.7 0.155312 0.154801 0.156258 Add: 2229.6 0.172977 0.172226 0.174289 Triad: 2166.5 0.178239 0.177246 0.179534 Unixtime: 1399979056 
Copy: 1918.0 0.117572 0.116790 0.118491 Scale: 1455.1 0.155001 0.153940 0.156898 Add: 1964.0 0.172225 0.171079 0.175815 Triad: 1899.5 0.177993 0.176890 0.179445 Unixtime: 1399979158 
Copy: 1638.1 0.118010 0.117211 0.119011 Scale: 1242.3 0.155076 0.154547 0.155931 Add: 1678.8 0.172418 0.171555 0.173729 Triad: 1622.7 0.178194 0.177479 0.179034 Unixtime: 1399979241 
Copy: 1368.5 0.118091 0.116919 0.119536 Scale: 1040.1 0.154821 0.153834 0.155873 Add: 1401.1 0.172483 0.171293 0.174157 Triad: 1355.0 0.178129 0.177121 0.180286 Unixtime: 1399979523 
Copy: 1097.8 0.117454 0.116599 0.118990 Scale: 831.7 0.154802 0.153898 0.155956 Add: 1120.0 0.172168 0.171435 0.173770 Triad: 1084.7 0.177691 0.177008 0.179414 Unixtime: 1399979592
