110.092878 19
110.174417
110.037088
110.37612
110.807419
111.315966
111.955404
113.736391
115.854263
115.929365
115.714788
109.18951
109.768867
110.466242
109.70664
106.869936 18
106.869936
107.140303
107.691765
107.698202
109.07793
109.365463
110.230207
112.43391
112.989664
113.054037
109.198093
107.054472
108.095169
106.848478
107.011557
105.043888 17
105.043888
106.131792
105.563164
106.975079
107.702494
106.975079
108.805418
110.961914
110.590696
110.931873
108.820438
105.267048
105.917215
104.739189
102.696419 16
102.696419
103.089094
102.591276
104.142666
104.704857
104.850769
107.372046
108.06942
107.494354
107.041597
103.213549
104.18129
104.168415
102.578402
100.235224 15
100.235224
100.544214
100.750208
100.722313
101.913214
101.788759
103.850842
105.391502
105.297089
105.039597
99.906921
99.6387
102.014065
100.346804
98.083019 14
98.083019
98.095894
98.314762
99.057198
99.548578
100.962639
102.453947
102.365971
102.271557
101.786613
97.377062
98.992825
98.289013
95.932961 13
95.932961
95.969439
95.932961
96.874952
96.720457
100.012064
100.222349
99.909067
99.919796
94.960928
95.829964
96.407175
95.763445
92.810869 12
92.810869
94.023228
94.18416
95.941544
95.714092
97.385645
96.735477
97.553015
94.094038
93.973875
94.763517
93.300104
93.09411
90.808868 11
90.808868
91.244459
90.763807
93.701363
93.900919
94.81287
94.398737
94.561815
90.86895
91.817379
92.340946
91.467619
88.781118 10
88.781118
89.113712
89.823961
90.066433
91.519117
92.038393
91.755152
90.11364
88.083744
89.851856
89.087963
88.999987
86.227655 9
86.227655
85.959435
86.766243
88.469982
89.047194
89.109421
89.081526
88.736057
85.860729
87.113857
87.912083
86.480856
84.105492 8
84.105492
84.180593
84.144115
85.680485
86.620331
86.899281
86.35211
85.489511
83.684921
85.242748
84.588289
81.839561 7
81.839561
81.341743
81.998348
83.410263
83.813667
85.07967
83.519697
83.221436
81.212997
82.976818
82.579851
79.406261 6
79.406261
79.138041
80.663681
81.434011
81.363201
81.42972
80.89757
79.01144
80.15728
80.743074
80.00493
77.387094 5
77.387094
77.736855
77.94714
78.25613
78.444958
78.77326
77.43001
77.535152
77.608109
77.041626
75.410843 4
75.410843
76.037407
76.361418
74.895859
74.048281
76.043844
75.400114
75.621128
76.518059
74.988127
