109.640121 19.91
110.080004 19.84
109.835386 19.77
109.665871 19.70
111.762285 19.63
111.341715 19.56
112.528324 19.49
115.279198 19.42
115.483046 19.35
115.890741 19.28
115.500212 19.21
109.972715 19.14
109.663725 19.07
110.401869 19
109.298944 18.91
109.695911 18.84
110.067129 18.77
109.942675 18.70
111.088514 18.63
111.240864 18.56
112.051964 18.49
114.169836 18.42
115.487337 18.35
115.455151 18.28
116.268396 18.21
110.356808 18.14
110.243082 18.07
109.331131 18
109.612226 17.96
110.122919 17.88
109.957695 17.80
110.067129 17.72
111.715078 17.64
111.794472 17.56
112.646341 17.48
115.234137 17.40
115.31353 17.32
115.455151 17.24
110.569239 17.16
109.545708 17.08
109.060764 17
109.573603 16.96
109.882593 16.88
110.080004 16.80
110.148668 16.72
111.185074 16.64
110.90827 16.56
113.946676 16.48
114.925146 16.40
114.865065 16.32
114.968061 16.24
111.268759 16.16
110.120773 16.08
110.275269 16
109.687328 15.96
110.356808 15.88
109.674454 15.80
109.901905 15.72
111.906052 15.64
112.652779 15.56
113.487482 15.48
114.442348 15.40
114.247084 15.32
114.030361 15.24
109.569311 15.16
109.895468 15.08
109.659433 15
109.281778 14.88
109.831095 14.80
110.058546 14.72
111.654997 14.64
110.976934 14.56
113.126993 14.48
113.839388 14.40
113.63554 14.32
113.976717 14.24
109.601498 14.16
109.633684 14.08
109.730244 14
109.268904 13.88
110.131502 13.80
110.02636 13.72
111.414671 13.64
112.131357 13.56
113.843679 13.48
113.659143 13.40
113.609791 13.32
109.766722 13.24
110.625029 13.16
109.541416 13.08
109.743118 13
109.225988 12.90
109.76243 12.81
109.931946 12.72
112.056255 12.63
111.880302 12.54
113.912344 12.45
113.504648 12.36
113.184929 12.27
110.062838 12.18
110.183001 12.09
109.543562 12
110.292435 11.90
109.9298 11.81
109.537125 11.72
111.685038 11.63
112.395287 11.54
113.504648 11.45
113.15918 11.36
113.041162 11.27
109.193802 11.18
110.324621 11.09
109.517813 11
110.640121 10.81
110.039234 10.72
109.526396 10.63
110.627174 10.54
112.725735 10.45
112.76865 10.36
112.762213 10.27
110.635757 10.18
109.730244 10.09
109.056473 10
109.730244 9.90
109.899759 9.80
109.880447 9.70
110.642195 9.60
111.736536 9.50
112.54549 9.40
112.29229 9.30
110.594988 9.20
109.856844 9.10
109.541416 9
109.438419 8.90
109.779596 8.81
109.893322 8.72
111.453295 8.63
111.796618 8.54
111.811638 8.45
111.526251 8.36
109.884739 8.27
110.474825 8.18
109.575748 8.09
109.665871 8
109.161615 7.90
109.680891 7.80
110.303164 7.70
111.530542 7.60
111.466169 7.50
111.882448 7.40
111.796618 7.30
109.195948 7.20
109.440565 7.10
109.612226 7
109.69162 6.88
109.880447 6.77
110.616446 6.66
110.728025 6.55
110.931873 6.44
110.961914 6.33
110.221624 6.22
110.030651 6.11
110.183001 6
109.507084 5.88
109.919071 5.77
110.049963 5.66
110.8675 5.55
110.500574 5.44
110.183001 5.33
109.773159 5.22
110.037088 5.11
109.755993 5
109.599352 4.88
109.88903 4.77
110.275269 4.66
110.234499 4.55
110.170126 4.44
110.382557 4.33
109.670162 4.22
110.483408 4.11
109.206676 4
