1399975114 113.3008 19
1399975116 113.46817
1399975118 114.182711
1399975120 113.459587
1399975123 113.262177
1399975125 115.077496
1399975127 114.901543
1399975129 113.603354
1399975131 113.607645
1399975134 113.633394
1399975136 113.339424
1399975138 112.54549
1399975140 113.633394
1399975143 113.554001
1399975145 113.59477
1399975147 113.62052
1399975149 113.491774
1399975151 113.225698
1399975154 112.715006
1399975156 112.620592
1399975158 112.667799
1399975160 112.592697
1399975163 113.081932
1399975165 113.180637
1399975167 113.008976
1399975169 113.457441
1399975171 113.457441
1399975174 113.440275
1399975176 113.427401
1399975178 113.431692
1399975180 113.10339
1399975183 112.923145
1399978700 106.39143 18
1399978702 106.745481
1399978704 106.910706
1399978707 106.942892
1399978709 106.947184
1399978711 106.899977
1399978713 106.775522
1399978716 106.773376
1399978718 106.565237
1399978720 105.848551
1399978722 105.797052
1399978724 105.799198
1399978727 105.769157
1399978729 104.310036
1399978731 103.084803
1399978733 103.949547
1399978736 103.546143
1399978738 104.53105
1399978740 104.550362
1399978742 104.473114
1399978744 104.359388
1399978747 104.631901
1399978749 106.395721
1399978751 107.979298
1399978753 106.09746
1399978756 107.687473
1399978758 107.543707
1399978760 107.633829 17
1399978762 108.037233
1399978764 108.264685
1399978767 108.371973
1399978769 108.299017
1399978771 108.221769
1399978773 110.352516
1399978776 107.934237
1399978778 108.354807
1399978780 108.352661
1399978782 107.919216
1399978784 108.127356
1399978787 108.062983
1399978789 107.829094
1399978791 108.247519
1399978793 108.204603
1399978796 108.449221
1399978798 107.556581
1399978800 107.393503
1399978802 107.138157
1399978804 107.10597
1399978807 107.445002
1399978809 108.788252
1399978811 107.500792
1399978813 107.543707
1399978816 107.148886
1399978818 107.427835
1399978820 107.44071
1399978822 107.505083
1399978824 107.509375
1399978827 104.445219
1399978876 105.187654 16
1399978878 105.679035
1399978880 105.719805
1399978882 105.462313
1399978884 105.698347
1399978887 105.385065
1399978889 107.266903
1399978891 107.940674
1399978893 106.899977
1399978896 105.947256
1399978898 105.421543
1399978900 105.292797
1399978902 105.417252
1399978904 106.058836
1399978907 105.887175
1399978909 105.576038
1399978911 105.730534
1399978913 104.127645
1399978916 103.971004
1399978918 103.501081
1399978920 104.14052
1399978922 104.226351
1399978924 103.908777
1399978927 103.773594
1399978929 103.737116
1399978931 103.666306
1399978933 104.19631
1399978936 104.159832
1399978938 103.906631
1399978940 103.777885
1399978942 102.340221
1399979136 102.833748 15
1399979138 103.093386
1399979140 102.966785
1399979142 102.86808
1399979144 103.089094
1399979147 102.546215
1399979149 104.726315
1399979151 104.889393
1399979153 103.49679
1399979156 103.151321
1399979158 103.209257
1399979160 102.870226
1399979162 103.342295
1399979164 103.391647
1399979167 103.243589
1399979169 103.140593
1399979171 103.464603
1399979173 102.968931
1399979176 102.211475
1399979178 102.453947
1399979180 102.473259
1399979182 102.29516
1399979184 102.222204
1399979187 102.314472
1399979189 102.095604
1399979191 102.582693
1399979193 102.552652
1399979196 102.404594
1399979198 102.123499
1399979200 102.069855
1399979202 102.072001
1399979205 100.087166
1399979273 100.265265 14
1399979276 100.23737
1399979278 100.812435
1399979280 100.924015
1399979282 100.47555
1399979285 101.168633
1399979287 102.11277
1399979289 101.310253
1399979291 100.919724
1399979293 100.945473
1399979296 100.745916
1399979298 100.23737
1399979300 100.696564
1399979302 100.095749
1399979305 100.398302
1399979307 100.827456
1399979309 100.372553
1399979311 99.900484
1399979313 99.621534
1399979316 99.535704
1399979318 99.537849
1399979320 100.162268
1399979322 100.170851
1399979325 100.093603
1399979327 99.718094
1399979329 99.904776
1399979331 99.589348
1399979333 99.527121
1399979336 100.02923
1399979338 99.306107
1399979340 97.162485
1399979411 97.726822 13
1399979413 97.743988
1399979416 97.853422
1399979418 97.625971
1399979420 98.149538
1399979422 98.102331
1399979425 99.660158
1399979427 99.235296
1399979429 98.681688
1399979431 97.877026
1399979433 97.600222
1399979436 98.00148
1399979438 98.164558
1399979440 98.087311
1399979442 97.913504
1399979445 98.121643
1399979447 97.853422
1399979449 97.482204
1399979451 97.591639
1399979453 97.490788
1399979456 97.336292
1399979458 97.241879
1399979460 97.093821
1399979462 97.091675
1399979465 97.533703
1399979467 97.400665
1399979469 97.37277
1399979471 97.115278
1399979473 97.34273
1399979476 97.033739
1399979478 96.224785
1399979567 96.136808 12
1399979569 96.091747
1399979571 96.003771
1399979573 96.016645
1399979576 95.890045
1399979578 96.123934
1399979580 97.516537
1399979582 97.664595
1399979585 97.181797
1399979587 95.299959
1399979589 95.023155
1399979591 95.132589
1399979594 95.598221
1399979596 95.435143
1399979598 95.364332
1399979600 95.156193
1399979602 95.278502
1399979605 94.879389
1399979607 94.832182
1399979609 95.156193
1399979611 94.795704
1399979614 94.688416
1399979616 94.988823
1399979618 94.778538
1399979620 94.480276
1399979622 95.063925
1399979625 94.842911
1399979627 94.705582
1399979629 94.666958
1399979631 94.870806
1399979634 92.568398
1399979874 94.194889 11
1399979876 93.780756
1399979878 92.888117
1399979880 92.913866
1399979882 93.014717
1399979885 92.345238
1399979887 92.654228
1399979889 92.289448
1399979891 92.463255
1399979894 92.986822
1399979896 95.053196
1399979898 92.310905
1399979900 92.398882
1399979902 93.042612
1399979905 92.203617
1399979907 92.907429
1399979909 93.021154
1399979911 92.263699
1399979914 92.448235
1399979916 92.227221
1399979918 91.80665
1399979920 92.300177
1399979922 92.684269
1399979925 92.529774
1399979927 91.90321
1399979929 91.943979
1399979931 91.860294
1399979934 91.793776
1399979936 92.486858
1399979938 92.634916
1399979994 90.555668 10
1399979996 90.353966
1399979998 90.396881
1399980000 89.864731
1399980002 90.469837
1399980005 89.918375
1399980007 91.156483
1399980009 91.939688
1399980011 90.647936
1399980014 89.974165
1399980016 90.622187
1399980018 89.967728
1399980020 89.851856
1399980022 90.495586
1399980025 90.461254
1399980027 90.188742
1399980029 89.527845
1399980031 89.907646
1399980034 89.392662
1399980036 89.690924
1399980038 90.008497
1399980040 89.948416
1399980042 90.373278
1399980045 89.437723
1399980047 89.487076
1399980049 89.480639
1399980051 90.092182
1399980054 89.982748
1399980056 89.952707
1399980058 88.519335 
1399980234 87.375641 9
1399980236 87.858438
1399980238 87.852001
1399980240 87.815523
1399980243 87.500095
1399980245 87.474346
1399980247 87.105274
1399980249 87.420702
1399980251 88.236094
1399980254 89.411974
1399980256 87.414265
1399980258 87.343454
1399980260 87.761879
1399980263 87.053776
1399980265 88.038683
1399980267 88.051558
1399980269 87.268353
1399980271 86.993694
1399980274 87.242603
1399980276 86.70187
1399980278 87.279081
1399980280 87.592363
1399980283 87.954998
1399980285 87.077379
1399980287 87.002277
1399980289 86.989403
1399980291 86.723328
1399980294 87.630987
1399980296 87.508678
1399980298 86.521626
1399980300 86.186886
1399980618 85.116148 8
1399980621 84.281445
1399980623 85.131168
1399980625 85.453033
1399980627 85.208416
1399980630 84.910154
1399980632 85.088253
1399980634 84.839344
1399980636 86.465836
1399980638 87.315559
1399980641 86.244822
1399980643 84.946632
1399980645 84.929466
1399980647 84.972382
1399980650 84.549665
1399980652 85.289955
1399980654 85.386515
1399980656 84.684849
1399980658 84.590435
1399980661 84.888697
1399980663 84.165573
1399980665 84.7857
1399980667 84.9123
1399980669 85.137606
1399980672 85.002422
1399980674 84.590435
1399980676 84.382296
1399980678 84.056139
1399980681 85.02388
1399980683 85.227728
1399980798 80.54781 7
1399980801 80.582142
1399980803 79.719543
1399980805 80.33967
1399980807 79.607964
1399980809 81.734419
1399980812 80.509186
1399980814 80.715179
1399980816 81.315994
1399980818 81.451178
1399980821 80.910444
1399980823 79.668045
1399980825 80.479145
1399980827 80.678701
1399980829 80.582142
1399980832 79.893351
1399980834 80.236673
1399980836 79.34618
1399980838 80.281734
1399980841 80.406189
1399980843 80.423355
1399980845 79.494238
1399980847 79.665899
1399980850 79.706669
1399980852 79.247475
1399980854 80.337524
1399980856 80.423355
1399980858 79.901934
1399980861 79.470634
1399980863 79.9191
1399980865 77.970743
1399981161 79.479218 6
1399981164 80.022097
1399981166 79.129457
1399981168 80.286026
1399981170 80.217361
1399981172 80.137968
1399981175 79.622984
1399981177 80.039263
1399981179 79.921246
1399981181 81.09498
1399981184 80.762386
1399981186 81.845999
1399981188 79.942703
1399981190 79.376221
1399981192 79.850435
1399981195 79.243183
1399981197 80.221653
1399981199 80.15728
1399981201 80.095053
1399981204 79.406261
1399981206 79.98991
1399981208 79.153061
1399981210 79.618692
1399981213 80.309629
1399981215 80.112219
1399981217 79.389095
1399981219 80.307484
1399981221 79.58436
1399981224 80.097198
1399981226 79.998493 
1399981382 77.44503 5
1399981384 79.324722
1399981386 77.666044
1399981388 77.108145
1399981390 76.878548
1399981393 76.869965
1399981395 76.975107
1399981397 79.118729
1399981399 78.998566
1399981402 77.406406
1399981404 76.949358
1399981406 77.610254
1399981408 76.775551
1399981410 77.644587
1399981413 77.826977
1399981415 77.685356
1399981417 76.779842
1399981419 77.050209
1399981422 76.938629
1399981424 76.530933
1399981426 77.588797
1399981428 77.575922
1399981430 77.138186
1399981433 77.414989
1399981435 77.114582
1399981437 76.552391
1399981439 77.773333
1399981442 77.584505
1399981444 77.601671
1399981446 76.87211 
1399981544 75.037479 4
1399981546 74.775696
1399981548 74.252129
1399981551 74.60618
1399981553 73.958158
1399981555 75.136185
1399981558 75.166225
1399981560 75.200558
1399981562 74.904442
1399981564 75.187683
1399981566 76.112509
1399981569 75.380802
1399981571 75.333595
1399981573 74.462414
1399981575 74.4946
1399981578 74.537516
1399981580 74.005365
1399981582 75.211287
1399981584 75.286388
1399981586 74.769258
1399981589 74.355125
1399981591 74.597597
1399981593 73.908806
1399981595 74.803591
1399981598 76.206923
1399981600 75.45805
1399981602 74.402332
1399981604 74.404478
1399981607 74.391603
1399981609 74.305773