1399973703 113.294363 19
1399973705 113.714933 19
1399973707 113.841534 19
1399973709 115.051746 19
1399973711 115.223408 19 
1399973714 113.772869 19
1399973716 113.084078 19
1399973718 113.277197 19
1399973720 113.644123 19
1399973722 113.637686 19
1399973725 113.122702 19
1399973727 113.470316 19
1399973729 113.517523 19
1399973731 113.219261 19
1399973734 113.335133 19
1399973736 114.122629 19
1399973738 113.554001 19
1399973740 113.680601 19
1399973743 112.58626 19
1399973745 112.101316 19
1399973747 112.4897 19
1399973749 112.725735 19
1399973751 112.693548 19
1399973754 112.54549 19
1399973756 112.506866 19
1399973758 112.416744 19
1399973760 112.382412 19
1399973763 112.470388 19
1399973765 112.569094 19
1399973767 112.71286 19
1399973769 112.725735 19
1399973771 109.236717 19 
1399973774 109.485626 18
1399973776 110.479116 18
1399973778 110.601425 18
1399973780 109.715223 18
1399973783 109.543562 18
1399973785 109.601498 18
1399973787 109.410524 18
1399973789 110.594988 18
1399973791 111.406088 18
1399973794 111.225843 18
1399973796 113.401651 18
1399973798 113.105536 18
1399973800 113.373756 18
1399973803 113.021851 18
1399973805 113.375902 18
1399973807 113.912344 18
1399973809 114.736319 18
1399973811 113.770723 18
1399973814 113.506794 18
1399973816 113.176346 18
1399973818 112.918854 18
1399973820 112.897396 18
1399973823 113.416672 18
1399973825 113.779306 18
1399973827 113.302946 18
1399973829 113.332987 18
1399973831 113.253593 18
1399973834 113.28578 18
1399973836 112.294436 18
1399973838 112.29229 18
1399973840 112.43391 18
1399973843 113.090515 18
1399973845 112.088442 18
1399973847 111.865282 18
1399973849 112.328768 18
1399973851 112.43391 18
1399973854 112.528324 18
1399973856 112.547636 18
1399973858 112.174273 18
1399973860 112.08415 18
1399973863 112.240791 18
1399973865 109.479189 18
1399973891 112.734318 17
1399973894 113.204241 17
1399973896 113.092661 17
1399973898 113.135576 17
1399973900 112.957478 17
1399973903 114.324331 17
1399973905 113.993883 17
1399973907 113.079786 17
1399973909 113.019705 17
1399973911 113.208532 17
1399973914 112.955332 17
1399973916 112.757921 17
1399973918 113.002539 17
1399973920 113.030434 17
1399973923 113.369465 17
1399973925 113.090515 17
1399973927 113.217115 17
1399973929 112.026215 17
1399973931 111.897469 17
1399973934 111.835241 17
1399973936 112.133503 17
1399973938 112.043381 17
1399973940 112.088442 17
1399973943 112.118483 17
1399973945 112.19573 17
1399973947 111.83095 17
1399973950 112.182856 17
1399973952 112.032652 17
1399973954 112.200022 17
1399973956 112.318039 17
1399973958 109.35688 17
1399973983 112.843752 16
1399973985 112.871647 16
1399973987 112.794399 16
1399973989 112.897396 16
1399973991 112.573385 16
1399973994 112.942457 16
1399973996 114.564657 16
1399973998 113.034725 16
1399974000 112.914562 16
1399974003 112.867355 16
1399974005 112.105608 16
1399974007 113.004684 16
1399974009 112.981081 16
1399974011 113.577604 16
1399974014 113.002539 16
1399974016 112.818003 16
1399974018 112.54549 16
1399974020 111.197948 16
1399974023 111.092806 16
1399974025 111.069202 16
1399974027 110.989809 16
1399974029 111.101389 16
1399974031 110.770941 16
1399974034 110.689402 16
1399974036 111.060619 16
1399974038 111.116409 16
1399974040 111.094952 16
1399974043 111.794472 16
1399974045 110.910416 16
1399974047 110.78167 16
1399974049 109.487772 16
1399974074 112.161398 15 
1399974076 112.178564 15
1399974078 112.264395 15
1399974080 112.536907 15
1399974083 113.350153 15
1399974085 112.328768 15
1399974087 114.148378 15
1399974089 113.549709 15
1399974091 112.217188 15
1399974094 112.536907 15
1399974096 112.12492 15
1399974098 112.369537 15
1399974100 112.429619 15
1399974103 113.124847 15
1399974105 112.29229 15
1399974107 112.47468 15
1399974109 112.590551 15
1399974111 112.148523 15
1399974114 111.60779 15
1399974116 111.785889 15
1399974118 111.577749 15
1399974120 111.421108 15
1399974123 111.687183 15
1399974125 111.526251 15
1399974127 111.680746 15
1399974129 111.826658 15
1399974131 111.708641 15
1399974134 111.266613 15
1399974136 111.423254 15
1399974138 111.723661 15
1399974140 111.18722 15
1399974163 112.118483 14
1399974165 112.112045 14
1399974167 112.185001 14
1399974169 112.345934 14
1399974172 112.356663 14
1399974174 112.266541 14
1399974176 111.777306 14
1399974178 113.354445 14
1399974180 113.81793 14
1399974183 112.32233 14
1399974185 111.781597 14
1399974187 112.105608 14
1399974189 111.882448 14
1399974191 111.923218 14
1399974194 112.002611 14
1399974196 112.390995 14
1399974198 112.326622 14
1399974200 111.815929 14
1399974203 111.335278 14
1399974205 111.150742 14
1399974207 111.13143 14
1399974209 111.556292 14
1399974211 111.476898 14
1399974214 111.418962 14
1399974216 111.423254 14
1399974218 111.49621 14
1399974220 111.107826 14
1399974223 112.264395 14
1399974225 111.51123 14
1399974227 111.399651 14
1399974229 110.841751 14
1399974231 109.200239 14
1399974254 111.923218 13
1399974256 111.854553 13
1399974258 111.835241 13
1399974260 111.99832 13
1399974263 112.751484 13
1399974265 111.599207 13
1399974267 113.588333 13
1399974269 113.528252 13
1399974271 111.912489 13
1399974274 111.985445 13
1399974276 111.755848 13
1399974278 111.584187 13
1399974280 111.768723 13
1399974283 112.444639 13
1399974285 112.043381 13
1399974287 111.918926 13
1399974289 112.127066 13
1399974291 110.886812 13
1399974294 110.96406 13
1399974296 111.288071 13
1399974298 111.279488 13
1399974300 111.337423 13
1399974303 111.191511 13
1399974305 110.903978 13
1399974307 110.803127 13
1399974309 111.13143 13
1399974311 111.320257 13
1399974314 111.191511 13
1399974316 111.326694 13
1399974318 111.371756 13
1399974320 109.344006 13
1399974343 111.876011 12 
1399974345 111.674309 12
1399974347 111.601353 12
1399974349 111.382484 12
1399974351 111.680746 12
1399974354 111.798763 12
1399974356 111.826658 12
1399974358 113.227844 12
1399974360 112.470388 12
1399974363 111.2988 12
1399974365 111.206532 12
1399974367 111.674309 12
1399974369 111.659288 12
1399974371 111.807346 12
1399974374 111.6786 12
1399974376 111.303091 12
1399974378 111.361027 12
1399974380 110.972643 12
1399974383 111.01985 12
1399974385 111.047745 12
1399974387 111.028433 12
1399974389 110.850334 12
1399974391 110.800982 12
1399974394 110.657215 12
1399974396 111.017704 12
1399974398 111.037016 12
1399974400 111.045599 12
1399974403 111.783743 12
1399974405 110.899687 12
1399974407 110.663652 12
1399974409 109.395504 12
1399974431 111.10568 11
1399974434 111.275196 11
1399974436 110.871792 11
1399974438 111.363173 11
1399974440 111.335278 11
1399974443 112.02836 11
1399974445 112.300873 11
1399974447 113.616228 11
1399974449 112.725735 11
1399974451 111.796618 11
1399974454 111.959696 11
1399974456 112.193584 11
1399974458 112.232208 11
1399974460 112.137794 11
1399974463 112.32233 11
1399974465 110.884666 11
1399974467 111.427546 11
1399974469 110.753775 11
1399974472 110.785961 11
1399974474 110.820293 11
1399974476 110.693693 11
1399974478 110.442638 11
1399974480 110.736609 11
1399974483 110.760212 11
1399974485 110.794544 11
1399974487 110.766649 11
1399974489 110.723734 11
1399974491 110.399723 11
1399974494 110.605717 11
1399974496 110.833168 11
1399974498 109.273195 11
1399974518 111.021996 10 
1399974520 110.674381 10
1399974523 110.569239 10
1399974525 110.942602 10
1399974527 111.064911 10
1399974529 111.071348 10
1399974531 111.058474 10
1399974534 111.054182 10
1399974536 112.148523 10
1399974538 111.060619 10
1399974540 111.137867 10
1399974543 110.906124 10
1399974545 110.846043 10
1399974547 110.918999 10
1399974549 110.579967 10
1399974551 110.556364 10
1399974554 111.860991 10
1399974556 110.564947 10
1399974558 110.582113 10
1399974560 110.586405 10
1399974563 110.584259 10
1399974565 110.185146 10
1399974567 110.537052 10
1399974569 110.57353 10
1399974571 110.466242 10
1399974574 110.442638 10
1399974576 110.459805 10
1399974578 110.125065 10
1399974580 110.127211 10
1399974583 110.519886 10
1399974585 109.519958 10
1399974607 110.401869 9
1399974609 110.369682 9
1399974611 110.6143 9
1399974614 111.654997 9
1399974616 110.678673 9
1399974618 110.764503 9
1399974620 110.777378 9
1399974623 111.918926 9
1399974625 112.324476 9
1399974627 111.219406 9
1399974629 110.474825 9
1399974631 110.695839 9
1399974634 110.734463 9
1399974636 110.273123 9
1399974638 110.459805 9
1399974640 110.687256 9
1399974643 110.888958 9
1399974645 110.371828 9
1399974647 110.37612 9
1399974649 110.09717 9
1399974651 109.869719 9
1399974654 110.073566 9
1399974656 110.399723 9
1399974658 110.230207 9
1399974660 110.356808 9
1399974663 110.277414 9
1399974665 110.107899 9
1399974667 109.891176 9
1399974669 110.318184 9
1399974671 110.352516 9
1399974674 109.983444 9
1399974691 110.165834 8 
1399974694 109.992027 8
1399974696 110.288143 8
1399974698 110.404015 8
1399974700 110.348225 8
1399974703 110.33535 8
1399974705 110.399723 8
1399974707 109.91478 8
1399974709 110.966206 8
1399974711 111.878157 8
1399974714 111.305237 8
1399974716 110.341787 8
1399974718 110.444784 8 
1399974720 110.155106 8
1399974723 110.088587 8
1399974725 110.44693 8
1399974727 110.886812 8
1399974729 110.873938 8
1399974732 110.011339 8
1399974734 110.464096 8
1399974736 109.625101 8
1399974738 110.028505 8
1399974740 110.073566 8
1399974743 110.519886 8
1399974745 110.049963 8
1399974747 110.00061 8
1399974749 109.717369 8
1399974751 109.629393 8
1399974754 110.030651 8
1399974756 109.895468 8
1399974774 111.659288 7 
1399974776 111.620665 7
1399974778 111.116409 7
1399974780 109.904051 7
1399974783 110.069275 7
1399974785 109.964132 7 
1399974787 110.064983 7
1399974789 110.062838 7
1399974791 109.715223 7
1399974794 111.176491 7
1399974796 110.052109 7 
1399974798 110.202312 7
1399974800 110.067129 7
1399974803 110.635757 7
1399974805 109.91478 7
1399974807 110.118628 7
1399974809 110.650778 7
1399974811 109.695911 7
1399974814 109.725952 7
1399974816 109.740973 7
1399974818 109.788179 7
1399974820 109.848261 7
1399974823 109.492064 7
1399974825 109.794617 7
1399974827 109.734535 7
1399974829 109.753847 7
1399974831 109.783888 7
1399974834 110.650778 7
1399974836 109.487772 7
1399974838 109.642267 7
1399974840 110.142231 7
1399974856 110.530615 6
1399974858 110.89325 6
1399974860 110.582113 6
1399974863 110.663652 6
1399974865 110.088587 6
1399974867 109.410524 6
1399974869 109.740973 6 
1399974871 109.805346 6
1399974874 110.579967 6
1399974876 110.122919 6
1399974878 111.292362 6
1399974880 110.022068 6
1399974883 109.680891 6
1399974885 109.773159 6
1399974887 109.713078 6
1399974889 109.788179 6
1399974891 109.745264 6
1399974894 109.487772 6
1399974896 109.408379 6
1399974898 109.614372 6
1399974900 109.6766 6
1399974903 109.597206 6
1399974905 109.492064 6
1399974907 109.172344 6
1399974909 109.140158 6
1399974911 109.507084 6
1399974914 109.607935 6
1399974916 109.603643 6
1399974918 109.584332 6
1399974921 109.489918 6
1399974923 109.268904 6
1399974938 108.953476 5
1399974940 109.50923 5
1399974943 109.515667 5
1399974945 109.39765 5
1399974947 109.374046 5
1399974949 109.251738 5
1399974951 108.959913 5
1399974954 109.163761 5
1399974956 109.485626 5
1399974958 109.502792 5
1399974960 111.064911 5 
1399974963 110.515594 5
1399974965 109.041452 5
1399974967 109.178782 5
1399974969 109.541416 5
1399974971 109.562874 5
1399974974 109.481335 5
1399974976 109.18951 5
1399974978 109.206676 5
1399974980 109.099388 5
1399974983 109.110117 5
1399974985 109.322548 5
1399974987 109.303236 5
1399974989 109.155178 5
1399974991 109.622955 5
1399974994 109.369755 5
1399974996 109.037161 5
1399974998 109.262466 5
1399975000 109.219551 5
1399975003 109.232426 5
1399975005 109.307528 5
1399975023 108.987808 4
1399975025 109.000683 4
1399975027 109.043598 4
1399975029 109.071493 4
1399975031 109.086514 4
1399975034 109.101534 4
1399975036 108.798981 4
1399975038 108.949184 4
1399975040 109.122992 4
1399975043 110.768795 4
1399975045 109.13372 4
1399975047 109.17449 4
1399975049 108.786106 4
1399975051 108.977079 4
1399975054 109.2453 4
1399975056 109.204531 4
1399975058 109.298944 4
1399975060 109.054327 4
1399975063 108.891249 4
1399975065 108.629465 4
1399975067 108.996391 4
1399975069 109.140158 4
1399975071 109.170198 4
1399975074 109.065056 4
1399975076 109.157324 4
1399975078 109.019995 4
1399975080 108.801126 4
1399975083 109.610081 4
1399975085 109.138012 4
1399975087 109.599352 4