4330.0 0.119163 3301.2 0.156847 4447.1 0.174637 4300.0 0.179485 16
4069.2 0.119588 3092.1 0.156003 4169.3 0.173856 4037.8 0.179734 15
3797.4 0.118704 2888.7 0.155904 3890.0 0.173941 3777.0 0.179229 14
3535.9 0.118447 2687.0 0.156090 3616.0 0.174580 3504.9 0.179147 13
3233.5 0.119951 2466.2 0.157763 3323.2 0.174163 3216.7 0.181705 12
2989.1 0.118899 2274.4 0.155992 3061.0 0.173839 2965.3 0.179402 11
2717.6 0.118698 2068.4 0.156005 2787.6 0.173319 2695.0 0.178762 10
2449.6 0.118541 1861.2 0.155639 2505.4 0.173253 2429.4 0.179024 9
1909.3 0.117998 1452.1 0.154659 1955.2 0.172279 1895.8 0.178220 8
2187.4 0.117927 1660.8 0.154927 2244.1 0.172277 2171.8 0.177683 7
1636.5 0.118299 1240.8 0.155217 1673.3 0.173004 1620.9 0.178313 6
1363.7 0.118242 1036.7 0.155487 1397.7 0.172435 1353.9 0.178045 5
1098.3 0.117361 834.9 0.154292 1122.3 0.171531 1087.2 0.177717 4
820.9 0.117524 623.2 0.154686 839.2 0.172331 812.2 0.177739 3
551.1 0.116600 417.5 0.153925 563.1 0.170947 544.8 0.177082 2
278.0 0.115415 210.4 0.152540 283.2 0.169977 274.0 0.176024 1
