4326.2 0.119217 3301.5 0.155940 4443.5 0.173681 4298.9 0.179793 16
4062.8 0.118728 3089.2 0.156078 4170.0 0.175129 4043.3 0.179112 15
3789.1 0.119207 2894.4 0.156221 3898.6 0.173452 3774.3 0.179012 14
3528.2 0.118532 2689.5 0.156095 3621.9 0.173870 3503.4 0.178994 13
3238.6 0.119146 2467.3 0.156418 3320.6 0.173973 3224.6 0.179686 12
2989.8 0.119005 2267.3 0.155945 3054.8 0.173776 2963.5 0.179083 11
2719.9 0.118518 2066.9 0.155908 2788.5 0.172982 2701.8 0.179446 10
2450.6 0.118331 1861.0 0.156100 2510.9 0.172891 2427.6 0.179279 9
2188.7 0.117622 1663.8 0.154857 2241.4 0.172414 2169.7 0.178221 8
1910.1 0.117639 1452.8 0.154683 1958.9 0.172323 1896.8 0.178407 7
1631.0 0.118447 1240.5 0.156100 1672.8 0.172782 1617.7 0.180232 6
1363.8 0.117956 1037.0 0.155363 1397.6 0.172677 1352.7 0.178032 5
1101.3 0.116900 833.1 0.154357 1123.9 0.171865 1087.3 0.177607 4
820.8 0.117817 623.5 0.154813 839.7 0.172086 813.6 0.177607 3
551.8 0.116498 418.1 0.153715 563.1 0.171329 545.3 0.177087 2
278.2 0.115293 210.2 0.152485 282.9 0.170393 274.1 0.175788 1
