1399975114 113.3008
1399975116 113.46817
1399975118 114.182711
1399975120 113.459587
1399975123 113.262177
1399975125 115.077496
1399975127 114.901543
1399975129 113.603354
1399975131 113.607645
1399975134 113.633394
1399975136 113.339424
1399975138 112.54549
1399975140 113.633394
1399975143 113.554001
1399975145 113.59477
1399975147 113.62052
1399975149 113.491774
1399975151 113.225698
1399975154 112.715006
1399975156 112.620592
1399975158 112.667799
1399975160 112.592697
1399975163 113.081932
1399975165 113.180637
1399975167 113.008976
1399975169 113.457441
1399975171 113.457441
1399975174 113.440275
1399975176 113.427401
1399975178 113.431692
1399975180 113.10339
1399975183 112.923145
1399975185 109.258175
1399975187 109.481335
1399975189 109.386921
1399975191 109.210968
1399975194 108.987808
1399975196 108.893394
1399975198 109.202385
1399975200 109.236717
1399975203 109.234571
1399975205 108.078003
1399975207 107.758284
1399975209 107.689619
1399975211 107.949257
1399975214 108.035088
1399975216 108.052254
1399975218 108.052254
1399975220 108.067274
1399975223 107.751846
1399975225 107.769012
1399975227 108.020067
1399975229 108.041525
1399975231 108.058691
1399975234 108.045816
1399975236 108.065128
1399975238 107.661724
1399975240 108.08444
1399975243 107.981443
1399975245 108.058691
1399975247 107.964277
1399975249 108.043671
1399975251 107.670307
1399975254 107.633829
1399975256 108.050108
1399975258 108.062983
1399975260 108.221769
1399975263 107.95784
1399975265 107.526541
1399975267 107.597351
1399975269 108.097315
1399975271 108.105898
1399975274 108.056545
1399975276 107.99861
1399975278 107.820511
1399975280 107.638121
1399975283 107.620955
1399975285 108.146667
1399975287 108.105898
1399975289 108.030796
1399975291 107.964277
1399975294 107.899904
1399975296 107.730389
1399975298 108.095169
1399975300 108.105898
1399975303 108.050108
1399975305 107.985735
1399975307 107.977152
1399975309 107.569456
1399975311 107.66387
1399975314 108.054399
1399975316 108.112335
1399975318 108.110189
1399975320 108.030796
1399975323 107.612371
1399975325 107.700348
1399975327 108.110189
1399975329 108.088732
1399975331 107.95784
1399975334 107.897758
1399975336 107.693911
1399975338 107.683182
1399975340 107.758284
1399975343 108.065128
1399975345 108.022213
1399975347 107.949257
1399975349 107.949257
1399975351 107.910633
1399975354 107.569456
1399975356 108.099461
1399975358 108.086586
1399975360 108.062983
1399975363 107.908487
1399975365 107.865572
1399975367 107.681036
1399975369 107.878447
1399975371 108.056545
1399975374 107.979298
1399975376 107.977152
1399975378 108.045816
1399975380 107.841969
1399975383 108.062983
1399975385 108.024359
1399975387 107.959986
1399975389 107.968569
1399975391 107.94282
1399975394 107.736826
1399975396 107.91707
1399975398 108.022213
1399975400 108.088732
1399975403 108.039379
1399975405 108.011484
1399975407 107.575893
1399975409 107.571602
1399975411 107.921362
1399975414 107.979298
1399975416 108.037233
1399975418 108.118773
1399975421 108.054399
1399975423 107.650995
1399975425 107.983589
1399975428 108.020067
1399975430 108.075857
1399975432 107.992172
1399975434 107.94282
1399975436 107.893467
1399975439 107.560873
1399975441 108.017921
1399975443 108.071566
1399975445 108.056545
1399975448 108.005047
1399975450 107.936382
1399975452 107.629538
1399975454 107.983589
1399975456 107.90205
1399975459 107.910633
1399975461 108.024359
1399975463 108.08444
1399975465 107.777596
1399975468 107.60808
1399975470 107.919216
1399975472 108.043671
1399975474 108.112335
1399975476 108.105898
1399975479 107.807636
1399975481 107.520103
1399975483 107.936382
1399975485 108.022213
1399975488 108.060837
1399975490 108.095169
1399975492 108.032942
1399975494 107.713223
1399975496 107.483625
1399975499 107.99861
1399975501 108.112335
1399975503 108.097315
1399975505 108.020067
1399975508 107.852697
1399975510 107.59306
1399975512 108.035088
1399975514 108.065128
1399975516 108.114481
1399975519 108.039379
1399975521 107.814074
1399975523 107.543707
1399975525 107.659578
1399975528 108.082294
1399975530 108.108044
1399975532 107.964277
1399975534 107.929945
1399975536 107.627392
1399975539 107.601643
1399975541 108.097315
1399975543 108.110189
1399975545 108.045816
1399975548 108.000755
1399975550 107.959986
1399975552 107.612371
1399975554 107.650995
1399975556 107.990026
1399975559 108.056545
1399975561 108.039379
1399975563 107.94282
1399975565 107.745409
1399975568 107.498646
1399975570 108.114481
1399975572 108.105898
1399975574 107.968569
1399975576 107.891321
1399975579 107.936382
1399975581 107.736826
1399975583 107.863426
1399975585 108.026505
1399975588 107.88703
1399975590 107.981443
1399975592 108.075857
1399975594 108.075857
1399975596 107.597351
1399975599 107.850552
1399975601 107.97286
1399975603 108.146667
1399975605 108.050108
1399975608 107.912779
1399975610 107.612371
1399975612 107.897758
1399975614 108.043671
1399975616 108.035088
1399975619 107.940674
1399975621 107.904196
1399975623 107.681036
1399975625 107.642412
1399975628 108.054399
1399975630 108.045816
1399975632 107.975006
1399975634 107.876301
1399975636 107.86128
1399975639 107.738972
1399975641 108.01363
1399975643 108.142376
1399975645 107.99861
1399975648 107.940674
1399975650 108.080149
1399975652 108.045816
1399975654 107.659578
1399975656 107.923508
1399975659 107.90205
1399975661 108.086586
1399975663 108.142376
1399975665 107.996464
1399975668 107.507229
1399975670 108.000755
1399975672 108.067274
1399975674 108.032942
1399975676 107.977152
1399975679 107.829094
1399975681 107.650995
1399975683 107.773304
1399975685 108.065128
1399975688 107.854843
1399975690 108.073711
1399975692 108.108044
1399975694 107.811928
1399975696 107.543707
1399975699 107.620955
1399975701 108.097315
1399975703 108.08444
1399975705 107.955694
1399975708 107.841969
1399975710 107.97286
1399975712 107.736826
1399975714 107.95784
1399975716 107.882738
1399975719 108.005047
1399975721 107.895613
1399975723 107.670307
1399975725 107.629538
1399975728 107.897758
1399975730 108.015776
1399975732 108.097315
1399975734 108.075857
1399975736 107.762575
1399975739 107.560873
1399975741 107.953548
1399975743 108.105898
1399975745 108.116627
1399975748 107.996464
1399975750 107.919216
1399975752 107.590914
1399975754 107.824802
1399975756 108.161688
1399975759 108.052254
1399975761 107.990026
1399975763 107.921362
1399975765 107.71966
1399975768 107.67889
1399975770 108.086586
1399975772 107.968569
1399975774 107.880592
1399975776 108.017921
1399975779 108.011484
1399975781 107.758284
1399975783 107.91707
1399975785 107.927799
1399975788 107.936382
1399975790 107.968569
1399975792 108.052254
1399975794 108.041525
1399975796 107.706785
1399975799 108.009338
1399975801 107.904196
1399975803 107.955694
1399975805 108.005047
1399975808 108.093023
1399975810 107.655287
1399975812 107.90205
1399975814 107.872009
1399975816 108.024359
1399975819 108.082294
1399975821 108.06942
1399975823 107.526541
1399975825 107.517958
1399975828 108.024359
1399975830 108.135939
1399975832 108.011484
1399975834 107.904196
1399975836 107.910633
1399975839 107.758284
1399975841 108.110189
1399975843 108.011484
1399975845 107.86128
1399975848 107.953548
1399975850 108.116627
1399975852 108.002901
1399975854 107.477188
1399975856 107.908487
1399975859 108.095169
1399975861 108.067274
1399975863 107.884884
1399975865 107.869864
1399975868 107.676744
1399975870 108.088732
1399975872 107.981443
1399975874 107.814074
1399975876 108.035088
1399975879 108.138084
1399975881 107.535124
1399975883 107.470751
1399975885 108.067274
1399975888 108.163834
1399975890 107.84626
1399975892 107.994318
1399975894 107.908487
1399975896 107.713223
1399975899 107.721806
1399975901 108.002901
1399975903 108.183146
1399975905 108.088732
1399975908 107.921362
1399975910 107.811928
1399975912 107.80549
1399975914 108.01363
1399975916 107.872009
1399975919 108.024359
1399975921 108.120918
1399975923 107.850552
1399975925 107.464314
1399975928 107.910633
1399975930 108.099461
1399975932 107.97286
1399975934 107.872009
1399975936 108.017921
1399975939 107.711077
1399975941 107.713223
1399975943 107.837677
1399975945 108.017921
1399975948 108.131647
1399975950 107.968569
1399975952 107.631683
1399975954 107.547998
1399975956 108.047962
1399975959 108.12521
1399975961 107.959986
1399975963 107.884884
1399975965 107.936382
1399975968 107.936382
1399975970 107.876301
1399975972 108.041525
1399975974 107.966423
1399975976 107.906342
1399975979 107.891321
1399975981 107.814074
1399975983 107.73468
1399975985 108.054399
1399975988 108.011484
1399975990 107.934237
1399975992 107.906342
1399975994 107.91707
1399975996 107.633829
1399975999 107.704639
1399976001 108.086586
1399976003 108.022213
1399976005 107.872009
1399976008 107.906342
1399976010 107.743263
1399976012 107.685328
1399976014 108.032942
1399976016 107.992172
1399976019 107.90205
1399976021 108.039379
1399976023 108.02865
1399976025 107.779741
1399976028 107.625246
1399976030 107.908487
1399976032 107.889175
1399976034 108.011484
1399976036 108.101606
1399976039 108.000755
1399976041 107.539415
1399976043 107.88703
1399976045 107.977152
1399976048 108.073711
1399976050 108.131647
1399976052 107.839823
1399976054 107.584476
1399976056 107.610226
1399976059 108.112335
1399976061 108.056545
1399976063 107.889175
1399976065 107.818365
1399976068 107.590914
1399976070 108.080149
1399976072 108.037233
1399976074 107.962132
1399976076 107.921362
1399976079 107.921362
1399976081 107.696056
1399976083 107.818365
1399976085 108.039379
1399976088 107.951403
1399976090 107.925653
1399976092 108.035088
1399976094 107.865572
1399976096 107.730389
1399976099 108.01363
1399976101 107.914925
1399976103 107.94282
1399976105 108.060837
1399976108 108.095169
1399976110 107.766867
1399976112 107.856989
1399976114 107.94282
1399976117 107.955694
1399976119 108.062983
1399976121 108.146667
1399976123 107.947111
1399976126 107.618809
1399976128 107.927799
1399976130 108.022213
1399976132 108.114481
1399976134 108.101606
1399976137 108.000755
1399976139 107.578039
1399976141 107.856989
1399976143 108.065128
1399976146 108.088732
1399976148 108.105898
1399976150 107.981443
1399976152 107.653141
1399976155 107.59306
1399976157 108.116627
1399976159 108.245373
1399976161 108.02865
1399976164 107.934237
1399976166 107.990026
1399976168 107.683182
1399976170 108.045816
1399976173 108.065128
1399976175 107.889175
1399976177 107.895613
1399976179 108.026505
1399976182 107.758284
1399976184 107.90205
1399976186 107.97286
1399976188 107.882738
1399976191 107.964277
1399976193 108.080149
1399976195 107.672453
1399976197 107.668161
1399976200 107.970715
1399976202 107.975006
1399976204 108.108044
1399976206 108.168125
1399976209 107.751846
1399976211 107.55229
1399976213 107.981443
1399976215 108.067274
1399976218 108.086586
1399976220 111.745119
1399976222 107.874155
1399976224 109.10368
1399976227 107.764721
1399976229 108.123064
1399976231 107.947111
1399976233 107.919216
1399976235 107.925653
1399976238 107.80549
1399976240 107.723951
1399976242 107.99861
1399976244 107.949257
1399976247 107.856989
1399976249 108.082294
1399976251 107.844114
1399976253 109.206676
1399976255 107.687473
1399976258 107.91707
1399976260 108.138084
1399976262 108.071566
1399976264 107.955694
1399976267 107.906342
1399976269 107.700348
1399976271 108.093023
1399976273 108.12521
1399976276 108.020067
1399976278 107.912779
1399976280 107.872009
1399976282 107.59306
1399976285 107.940674
1399976287 108.071566
1399976289 108.045816
1399976291 107.927799
1399976293 107.895613
1399976296 107.638121
1399976298 107.841969
1399976300 108.095169
1399976302 107.985735
1399976305 107.895613
1399976307 107.949257
1399976309 107.784033
1399976311 107.751846
1399976314 107.985735
1399976316 107.878447
1399976318 107.934237
1399976320 108.041525
1399976322 108.080149
1399976325 107.929945
1399976327 107.674599
1399976329 107.919216
1399976331 108.062983
1399976334 108.120918
1399976336 108.103752
1399976338 108.015776
1399976343 107.526541
1399976344 107.940674
1399976345 107.985735
1399976347 108.037233
1399976349 108.056545
1399976351 108.015776
1399976354 107.612371
1399976356 107.575893
1399976358 107.934237
1399976360 108.045816
1399976362 108.043671
1399976365 108.041525
1399976367 107.764721
1399976369 107.59306
1399976371 107.970715
1399976374 107.987881
1399976376 108.026505
1399976378 108.062983
1399976380 108.054399
1399976382 107.859135
1399976385 107.560873
1399976387 107.962132
1399976389 107.94282
1399976391 107.962132
1399976394 108.022213
1399976396 107.927799
1399976398 107.820511
1399976400 108.011484
1399976402 108.035088
1399976405 108.022213
1399976407 107.826948
1399976409 107.629538
1399976411 107.601643
1399976414 107.990026
1399976416 107.953548
1399976418 108.02865
1399976420 108.037233
1399976422 108.065128
1399976425 107.610226
1399976427 107.949257
1399976429 107.889175
1399976431 107.927799
1399976434 108.026505
1399976436 108.114481
1399976438 107.689619
1399976440 107.627392
1399976442 107.899904
1399976445 107.940674
1399976447 108.080149
1399976449 108.078003
1399976451 107.657433
1399976454 107.646704
1399976456 107.891321
1399976458 108.082294
1399976460 107.996464
1399976462 108.06942
1399976465 108.01363
1399976467 107.674599
1399976469 107.781887
1399976471 107.981443
1399976474 108.022213
1399976476 107.99861
1399976478 108.056545
1399976480 107.962132
1399976482 107.648849
1399976485 108.043671
1399976487 108.086586
1399976489 108.050108
1399976491 107.990026
1399976494 107.968569
1399976496 107.614517
1399976498 107.893467
1399976500 108.088732
1399976503 108.112335
1399976505 108.015776
1399976507 107.910633
1399976509 107.700348
1399976511 107.672453
1399976514 108.131647
1399976516 108.071566
1399976518 108.101606
1399976520 107.938528
1399976523 107.936382
1399976525 107.859135
1399976527 108.007193
1399976529 108.062983
1399976531 108.054399
1399976534 107.983589
1399976536 107.895613
1399976538 107.758284
1399976540 107.681036
1399976543 108.090878
1399976545 108.035088
1399976547 107.880592
1399976549 107.90205
1399976551 108.009338
1399976554 107.698202
1399976556 108.024359
1399976558 107.899904
1399976560 107.874155
1399976563 108.01363
1399976565 108.067274
1399976567 107.786179
1399976569 107.513666
1399976571 107.91707
1399976574 107.996464
1399976576 108.047962
1399976578 108.19602
1399976580 108.002901
1399976583 107.698202
1399976585 107.951403
1399976587 107.95784
1399976589 108.009338
1399976592 108.08444
1399976594 108.112335
1399976596 107.67889
1399976598 107.571602
1399976600 107.908487
1399976603 107.910633
1399976605 108.052254
1399976607 108.071566
1399976609 107.872009
1399976612 107.522249
1399976614 107.925653
1399976616 108.080149
1399976618 108.080149
1399976620 108.041525
1399976623 107.95784
1399976625 107.603788
1399976627 107.590914
1399976629 108.099461
1399976632 108.080149
1399976634 108.011484
1399976636 107.944965
1399976638 108.052254
1399976640 107.605934
1399976643 107.895613
1399976645 108.045816
1399976647 108.054399
1399976649 108.060837
1399976652 108.043671
1399976654 107.582331
1399976656 107.655287
1399976658 107.951403
1399976660 107.99861
1399976663 108.12521
1399976665 108.052254
1399976667 107.575893
1399976669 107.560873
1399976672 107.94282
1399976674 108.030796
1399976676 108.088732
1399976678 108.039379
1399976680 107.981443
1399976683 107.681036
1399976685 107.683182
1399976687 107.987881
1399976689 108.037233
1399976692 108.02865
1399976694 108.075857
1399976696 107.966423
1399976698 107.642412
1399976700 107.897758
1399976703 107.985735
1399976705 108.06942
1399976707 108.08444
1399976709 108.086586
1399976712 107.588768
1399976714 107.766867
1399976716 107.994318
1399976718 108.017921
1399976720 108.056545
1399976723 108.067274
1399976725 107.603788
1399976727 107.558727
1399976729 107.955694
1399976732 107.97286
1399976734 108.054399
1399976736 108.097315
1399976738 108.095169
1399976740 107.977152
1399976743 107.573748
1399976745 107.869864
1399976747 108.030796
1399976749 108.157396
1399976752 107.968569
1399976754 107.571602
1399976756 107.925653
1399976758 108.082294
1399976760 108.050108
1399976763 108.062983
1399976765 107.914925
1399976767 107.756138
1399976769 107.571602
1399976772 107.940674
1399976774 108.123064
1399976776 108.08444
1399976778 107.906342
1399976780 107.893467
1399976783 107.610226
1399976785 108.047962
1399976787 108.06942
1399976789 108.015776
1399976792 107.904196
1399976794 108.011484
1399976796 107.721806
1399976798 107.80549
1399976800 107.964277
1399976803 107.962132
1399976805 108.022213
1399976807 108.114481
1399976809 107.844114
1399976812 107.674599
1399976814 107.975006
1399976816 107.983589
1399976818 108.123064
1399976820 108.075857
1399976823 108.093023
1399976825 107.629538
1399976827 107.650995
1399976829 107.959986
1399976832 108.032942
1399976834 108.120918
1399976836 108.088732
1399976838 107.979298
1399976840 107.571602
1399976843 107.944965
1399976845 108.045816
1399976847 108.093023
1399976849 108.110189
1399976852 107.936382
1399976854 107.494354
1399976856 107.854843
1399976858 108.065128
1399976860 108.105898
1399976863 108.030796
1399976865 107.910633
1399976867 107.520103
1399976869 107.629538
1399976872 108.022213
1399976874 108.075857
1399976876 108.045816
1399976878 108.078003
1399976880 107.872009
1399976883 107.629538
1399976885 107.906342
1399976887 107.923508
1399976889 108.026505
1399976892 108.058691
1399976894 108.02865
1399976896 107.970715
1399976898 107.629538
1399976900 108.002901
1399976903 107.936382
1399976905 107.921362
1399976907 107.929945
1399976909 108.02865
1399976912 107.616663
1399976914 108.067274
1399976916 108.06942
1399976918 108.08444
1399976920 108.037233
1399976923 108.026505
1399976925 107.554436
1399976927 107.55229
1399976929 107.977152
1399976932 107.977152
1399976934 108.007193
1399976936 108.037233
1399976938 107.872009
1399976940 107.66387
1399976943 107.723951
1399976945 108.050108
1399976947 108.047962
1399976949 108.052254
1399976952 108.024359
1399976954 107.743263
1399976956 107.625246
1399976958 108.002901
1399976960 107.962132
1399976963 108.017921
1399976965 107.968569
1399976967 107.97286
1399976969 107.60808
1399976972 107.751846
1399976974 108.005047
1399976976 108.035088
1399976978 108.030796
1399976980 108.02865
1399976983 107.779741
1399976985 107.575893
1399976987 108.011484
1399976989 108.082294
1399976992 108.039379
1399976994 108.039379
1399976996 108.02865
1399976998 107.743263
1399977000 107.820511
1399977003 107.990026
1399977005 107.979298
1399977007 108.035088
1399977009 108.088732
1399977012 107.874155
1399977014 107.741117
1399977016 108.024359
1399977018 107.99861
1399977020 107.975006
1399977023 108.017921
1399977025 107.762575
1399977027 107.702494
1399977029 108.062983
1399977032 107.983589
1399977034 107.923508
1399977036 107.987881
1399977038 108.026505
1399977040 107.818365
1399977043 107.708931
1399977045 107.878447
1399977047 107.936382
1399977049 108.105898
1399977052 108.127356
1399977054 108.103752
1399977056 107.580185
1399977058 107.951403
1399977060 107.938528
1399977063 108.090878
1399977065 108.082294
1399977067 108.075857
1399977069 107.603788
1399977072 107.547998
1399977074 108.181
1399977076 108.116627
1399977078 107.955694
1399977080 107.899904
1399977083 107.951403
1399977085 107.736826
1399977087 108.078003
1399977089 108.047962
1399977092 107.951403
1399977094 108.02865
1399977096 107.856989
1399977098 107.723951
1399977100 108.075857
1399977103 108.078003
1399977105 107.923508
1399977107 107.91707
1399977109 109.588623
1399977112 107.661724
1399977114 108.110189
1399977116 108.067274
1399977118 107.955694
1399977120 107.904196
1399977123 108.005047
1399977125 107.708931
1399977127 107.738972
1399977129 108.067274
1399977132 107.914925
1399977134 108.000755
1399977136 108.110189
1399977138 107.826948
1399977140 107.582331
1399977143 107.799053
1399977145 108.011484
1399977147 108.153105
1399977149 108.108044
1399977152 108.009338
1399977154 107.580185
1399977156 107.685328
1399977158 108.060837
1399977160 108.123064
1399977163 108.110189
1399977165 107.908487
1399977167 107.786179
1399977169 107.614517
1399977172 107.975006
1399977174 108.142376
1399977176 108.054399
1399977178 107.953548
1399977180 107.876301
1399977183 107.638121
1399977185 107.876301
1399977187 108.078003
1399977189 107.923508
1399977192 107.938528
1399977194 108.120918
1399977196 108.095169
1399977198 107.644558
1399977201 107.940674
1399977203 107.994318
1399977205 108.060837
1399977207 108.101606
1399977209 108.078003
1399977212 107.704639
1399977214 107.751846
1399977216 108.022213
1399977218 108.110189
1399977221 108.127356
1399977223 107.91707
1399977225 107.565165
1399977227 107.661724
1399977230 108.088732
1399977232 108.118773
1399977234 107.987881
1399977236 107.895613
1399977238 107.990026
1399977241 107.803345
1399977243 108.011484
1399977245 108.037233
1399977247 108.020067
1399977250 107.977152
1399977252 107.975006
1399977254 107.987881
1399977256 107.700348
1399977258 108.095169
1399977261 108.071566
1399977263 107.91707
1399977265 107.938528
1399977267 108.022213
1399977270 107.708931
1399977272 108.047962
1399977274 107.927799
1399977276 107.951403
1399977279 108.005047
1399977281 108.032942
1399977283 107.66387
1399977285 107.693911
1399977288 108.075857
1399977290 108.086586
1399977292 108.026505
1399977294 107.994318
1399977296 107.796907
1399977299 107.657433
1399977301 107.929945
1399977303 107.992172
1399977305 108.01363
1399977308 108.017921
1399977310 108.065128
1399977312 107.869864
1399977314 107.610226
1399977316 108.060837
1399977319 108.030796
1399977321 108.020067
1399977323 108.005047
1399977325 108.009338
1399977328 107.612371
1399977330 108.062983
1399977332 108.011484
1399977334 108.015776
1399977336 107.996464
1399977339 107.95784
1399977341 107.547998
1399977343 107.612371
1399977345 108.032942
1399977348 108.045816
1399977350 108.082294
1399977352 108.071566
1399977354 107.792616
1399977356 107.648849
1399977359 107.889175
1399977361 108.009338
1399977363 108.01363
1399977365 107.97286
1399977368 107.983589
1399977370 107.681036
1399977372 107.625246
1399977374 107.959986
1399977377 108.002901
1399977379 108.058691
1399977381 108.071566
1399977383 107.968569
1399977385 107.676744
1399977388 107.904196
1399977390 107.97286
1399977392 107.964277
1399977394 107.955694
1399977397 107.983589
1399977399 107.629538
1399977401 107.756138
1399977403 108.045816
1399977405 108.103752
1399977408 108.035088
1399977410 108.101606
1399977412 107.736826
1399977414 107.590914
1399977417 107.91707
1399977419 108.226061
1399977421 108.000755
1399977423 108.01363
1399977425 108.005047
1399977428 107.801199
1399977430 107.897758
1399977432 108.06942
1399977434 108.073711
1399977437 108.080149
1399977439 107.801199
1399977441 107.614517
1399977443 108.015776
1399977445 108.020067
1399977448 107.966423
1399977450 108.022213
1399977452 108.037233
1399977454 107.979298
1399977457 107.672453
1399977459 108.093023
1399977461 108.030796
1399977463 108.017921
1399977465 108.056545
1399977468 108.032942
1399977470 107.638121
1399977472 108.009338
1399977474 107.959986
1399977477 107.987881
1399977479 108.215332
1399977481 107.979298
1399977483 107.633829
1399977485 107.698202
1399977488 108.082294
1399977490 108.056545
1399977492 108.054399
1399977494 108.009338
1399977497 107.741117
1399977499 107.590914
1399977501 108.032942
1399977503 108.08444
1399977505 108.093023
1399977508 108.039379
1399977510 108.067274
1399977512 107.732534
1399977514 107.616663
1399977517 107.981443
1399977519 108.017921
1399977521 107.990026
1399977523 108.047962
1399977525 107.964277
1399977528 107.631683
1399977530 108.054399
1399977532 108.065128
1399977534 108.045816
1399977537 108.002901
1399977539 108.103752
1399977541 107.644558
1399977543 107.809782
1399977545 108.071566
1399977548 108.035088
1399977550 108.082294
1399977552 108.052254
1399977554 107.784033
1399977557 107.668161
1399977559 108.043671
1399977561 108.056545
1399977563 108.047962
1399977566 108.011484
1399977568 108.026505
1399977570 107.676744
1399977572 107.839823
1399977574 108.009338
1399977577 107.975006
1399977579 108.002901
1399977581 107.990026
1399977583 107.826948
1399977586 107.642412
1399977588 108.005047
1399977590 108.110189
1399977592 108.088732
1399977594 108.067274
1399977597 108.026505
1399977599 107.895613
1399977601 107.899904
1399977603 108.015776
1399977606 108.086586
1399977608 108.075857
1399977610 108.071566
1399977612 107.796907
1399977615 107.642412
1399977617 108.01363
1399977619 108.037233
1399977621 108.000755
1399977623 108.022213
1399977626 108.101606
1399977628 107.610226
1399977630 108.032942
1399977632 108.056545
1399977635 108.052254
1399977637 108.039379
1399977639 108.058691
1399977641 107.670307
1399977643 107.696056
1399977646 108.052254
1399977648 108.065128
1399977650 108.131647
1399977652 108.08444
1399977655 107.88703
1399977657 107.657433
1399977659 108.223915
1399977661 107.983589
1399977663 107.970715
1399977666 108.041525
1399977668 108.052254
1399977670 108.045816
1399977672 107.700348
1399977675 108.067274
1399977677 108.047962
1399977679 108.024359
1399977681 108.01363
1399977683 108.007193
1399977686 107.670307
1399977688 108.02865
1399977690 108.219624
1399977692 108.050108
1399977695 108.039379
1399977697 108.19602
1399977699 107.627392
1399977701 107.614517
1399977703 107.99861
1399977706 108.026505
1399977708 107.996464
1399977710 108.030796
1399977712 107.837677
1399977715 107.717514
1399977717 107.820511
1399977719 108.271122
1399977721 108.026505
1399977724 108.060837
1399977726 108.114481
1399977728 107.788324
1399977730 107.938528
1399977732 108.041525
1399977735 108.037233
1399977737 108.024359
1399977739 108.024359
1399977741 107.929945
1399977744 107.627392
1399977746 107.934237
1399977748 108.062983
1399977750 108.041525
1399977752 108.056545
1399977755 108.043671
1399977757 107.648849
1399977759 107.753992
1399977761 108.114481
1399977764 108.045816
1399977766 108.017921
1399977768 108.020067
1399977770 107.777596
1399977772 107.683182
1399977775 108.005047
1399977777 108.054399
1399977779 108.23679
1399977781 108.024359
1399977784 108.047962
1399977786 107.947111
1399977788 107.874155
1399977790 108.050108
1399977792 108.078003
1399977795 108.058691
1399977797 108.009338
1399977799 107.811928
1399977801 107.590914
1399977804 108.007193
1399977806 108.011484
1399977808 108.052254
1399977810 108.086586
1399977813 108.062983
1399977815 107.756138
1399977817 107.983589
1399977819 108.047962
1399977821 108.022213
1399977824 107.990026
1399977826 107.95784
1399977828 107.726097
1399977830 107.620955
1399977832 108.054399
1399977835 108.041525
1399977837 108.039379
1399977839 108.288288
1399977841 108.039379
1399977844 107.80549
1399977846 107.648849
1399977848 108.032942
1399977850 108.06942
1399977852 108.045816
1399977855 108.022213
1399977857 107.702494
1399977859 107.657433
1399977861 108.030796
1399977864 108.015776
1399977866 108.026505
1399977868 108.01363
1399977870 107.895613
1399977872 107.635975
1399977875 107.666016
1399977877 107.994318
1399977879 107.992172
1399977881 107.962132
1399977884 108.005047
1399977886 107.696056
1399977888 107.646704
1399977890 108.047962
1399977893 108.026505
1399977895 108.035088
1399977897 107.99861
1399977899 108.247519
1399977901 107.633829
1399977904 107.792616
1399977906 108.054399
1399977908 108.08444
1399977910 108.129501
1399977913 108.150959
1399977915 107.852697
1399977917 107.666016
1399977919 108.047962
1399977921 108.01363
1399977924 108.002901
1399977926 107.981443
1399977928 107.803345
1399977930 107.676744
1399977933 107.77545
1399977935 107.975006
1399977937 107.994318
1399977939 108.041525
1399977941 108.026505
1399977944 108.047962
1399977946 107.683182
1399977948 107.987881
1399977950 108.007193
1399977953 107.951403
1399977955 107.929945
1399977957 107.940674
1399977959 107.856989
1399977962 107.964277
1399977964 108.045816
1399977966 108.009338
1399977968 107.994318
1399977970 108.022213
1399977973 107.571602
1399977975 107.71966
1399977977 108.011484
1399977979 108.015776
1399977982 108.007193
1399977984 108.02865
1399977986 107.784033
1399977988 107.685328
1399977990 108.002901
1399977993 108.022213
1399977995 108.062983
1399977997 108.067274
1399977999 108.058691
1399978002 107.966423
1399978004 107.83124
1399978007 108.024359
1399978008 107.992172
1399978011 108.017921
1399978013 108.037233
1399978015 107.906342
1399978017 107.644558
1399978020 108.219624
1399978022 108.047962
1399978024 108.118773
1399978026 108.056545
1399978029 108.000755
1399978031 107.638121
1399978033 107.923508
1399978035 108.005047
1399978038 108.002901
1399978040 108.037233
1399978042 108.056545
1399978044 107.786179
1399978047 107.625246
1399978049 108.073711
1399978051 108.073711
1399978053 108.056545
1399978056 108.030796
1399978058 108.035088
1399978060 107.635975
1399978062 107.951403
1399978065 108.047962
1399978067 107.990026
1399978069 108.007193
1399978071 108.009338
1399978074 107.681036
1399978076 107.814074
1399978078 108.114481
1399978080 108.002901
1399978083 107.996464
1399978085 108.020067
1399978087 107.653141
1399978089 107.687473
1399978092 108.054399
1399978094 108.058691
1399978096 108.058691
1399978098 108.035088
1399978101 107.968569
1399978103 107.693911
1399978105 107.893467
1399978107 108.032942
1399978110 108.037233
1399978112 107.955694
1399978114 107.992172
1399978116 107.925653
1399978119 107.625246
1399978121 108.015776
1399978123 108.030796
1399978125 108.017921
1399978128 108.030796
1399978130 107.856989
1399978132 107.657433
1399978134 108.02865
1399978137 108.080149
1399978139 108.262539
1399978141 108.073711
1399978143 107.987881
1399978146 107.620955
1399978148 107.582331
1399978150 107.921362
1399978152 107.959986
1399978155 108.065128
1399978157 108.118773
1399978159 108.129501
1399978161 107.702494
1399978164 107.964277
1399978166 107.91707
1399978168 108.002901
1399978170 107.975006
1399978173 107.944965
1399978175 107.738972
1399978177 107.891321
1399978179 108.082294
1399978182 108.071566
1399978184 108.052254
1399978186 108.06942
1399978188 107.698202
1399978191 107.683182
1399978193 108.009338
1399978195 107.983589
1399978197 107.981443
1399978199 108.262539
1399978202 108.017921
1399978204 107.633829
1399978206 107.994318
1399978208 108.01363
1399978211 108.000755
1399978213 108.015776
1399978215 107.994318
1399978217 107.968569
1399978220 107.659578
1399978222 108.08444
1399978224 108.030796
1399978226 108.039379
1399978229 108.024359
1399978231 108.01363
1399978233 107.625246
1399978235 108.032942
1399978238 108.022213
1399978240 108.045816
1399978242 107.985735
1399978244 108.052254
1399978247 107.676744
1399978249 107.642412
1399978251 108.088732
1399978253 108.058691
1399978256 108.024359
1399978258 107.979298
1399978260 107.753992
1399978262 107.625246
1399978265 108.026505
1399978267 108.035088
1399978269 108.039379
1399978271 108.035088
1399978274 108.032942
1399978276 107.833385
1399978278 107.992172
1399978280 108.039379
1399978283 107.992172
1399978285 108.067274
1399978287 108.020067
1399978289 107.762575
1399978292 107.693911
1399978294 108.041525
1399978296 108.054399
1399978298 108.045816
1399978301 108.015776
1399978303 107.899904
1399978305 107.646704
1399978307 107.925653
1399978310 107.994318
1399978312 108.045816
1399978314 108.017921
1399978316 107.955694
1399978319 107.816219
1399978321 107.633829
1399978323 108.065128
1399978325 108.056545
1399978328 108.024359
1399978330 108.067274
1399978332 107.975006
1399978334 107.638121
1399978337 108.054399
1399978339 108.080149
1399978341 108.045816
1399978343 108.039379
1399978346 108.020067
1399978348 107.597351
1399978350 107.981443
1399978352 107.968569
1399978355 107.968569
1399978357 108.062983
1399978359 108.022213
1399978361 107.715368
1399978364 107.66387
1399978366 108.054399
1399978368 108.032942
1399978370 108.022213
1399978373 108.017921
1399978375 107.77545
1399978377 107.573748
1399978379 108.176708
1399978382 108.047962
1399978384 108.017921
1399978386 108.005047
1399978388 108.030796
1399978391 107.83124
1399978393 107.575893
1399978395 108.005047
1399978397 107.959986
1399978400 107.996464
1399978402 108.056545
1399978404 107.687473
1399978406 107.610226
1399978409 108.041525
1399978411 108.024359
1399978413 108.01363
1399978415 108.045816
1399978418 107.927799
1399978420 107.597351
1399978422 107.975006
1399978424 108.026505
1399978427 108.054399
1399978429 108.047962
1399978431 108.118773
1399978433 108.060837
1399978436 107.702494
1399978438 108.022213
1399978440 108.022213
1399978442 108.005047
1399978445 107.959986
1399978447 108.002901
1399978449 107.590914
1399978451 108.020067
1399978454 108.024359
1399978456 108.054399
1399978458 108.103752
1399978460 108.118773
1399978463 107.693911
1399978465 107.655287
1399978467 107.955694
1399978469 107.807636
1399978472 107.586622
1399978474 107.751846
1399978476 108.017921
1399978478 108.067274
1399978481 108.062983
1399978483 108.030796
1399978485 107.756138
1399978487 107.618809
1399978490 108.007193
1399978492 108.022213
1399978494 107.953548
1399978496 108.002901
1399978499 108.056545
1399978501 107.631683
1399978503 107.979298
1399978505 108.026505
1399978508 108.002901
1399978510 108.037233
1399978512 108.030796
1399978514 107.650995
1399978517 107.676744
1399978519 108.032942
1399978521 108.08444
1399978523 108.071566
1399978526 108.071566
1399978528 107.726097
1399978530 107.6231
1399978532 107.964277
1399978535 107.985735
1399978537 107.970715
1399978539 108.002901
1399978541 107.756138
1399978544 107.605934
1399978546 107.715368
1399978548 108.020067
1399978550 108.02865
1399978553 108.043671
1399978555 108.035088
1399978557 107.777596
1399978559 107.869864
1399978562 108.065128
1399978564 108.015776
1399978566 108.007193
1399978568 108.007193
1399978571 107.97286
1399978573 107.635975
1399978575 107.99861
1399978577 108.002901
1399978580 108.045816
1399978582 108.120918
1399978584 108.02865
1399978586 107.766867
1399978589 107.614517
1399978591 107.953548
1399978593 107.975006
1399978595 107.84626
1399978598 105.844259
1399978600 105.724096
1399978602 105.848551
1399978604 106.910706
1399978607 107.174635
1399978609 108.260393
1399978611 107.990026
1399978613 107.286215
1399978615 107.51152
1399978618 107.236862
1399978620 107.249737
1399978622 108.01363
1399978624 108.869791
1399978627 108.06942
1399978629 109.663725
1399978631 110.393286
1399978633 110.961914
1399978636 110.987663
1399978638 111.006975
1399978640 112.779379
1399978642 110.545635
1399978644 110.562801
1399978647 110.828876
1399978649 111.064911
1399978651 111.137867
1399978653 110.901833
1399978656 110.584259
1399978658 110.612154
1399978660 110.635757
1399978662 110.918999
1399978664 111.067057
1399978667 110.961914
1399978669 110.354662
1399978671 110.187292
1399978673 109.786034
1399978676 109.996319
1399978678 110.135794
1399978680 110.090733
1399978682 110.103607
1399978684 109.912634
1399978687 109.58004
1399978689 109.865427
1399978691 110.135794
1399978693 110.105753
1399978696 110.20875
1399978698 110.086441
1399978700 106.39143
1399978702 106.745481
1399978704 106.910706
1399978707 106.942892
1399978709 106.947184
1399978711 106.899977
1399978713 106.775522
1399978716 106.773376
1399978718 106.565237
1399978720 105.848551
1399978722 105.797052
1399978724 105.799198
1399978727 105.769157
1399978729 104.310036
1399978731 103.084803
1399978733 103.949547
1399978736 103.546143
1399978738 104.53105
1399978740 104.550362
1399978742 104.473114
1399978744 104.359388
1399978747 104.631901
1399978749 106.395721
1399978751 107.979298
1399978753 106.09746
1399978756 107.687473
1399978758 107.543707
1399978760 107.633829
1399978762 108.037233
1399978764 108.264685
1399978767 108.371973
1399978769 108.299017
1399978771 108.221769
1399978773 110.352516
1399978776 107.934237
1399978778 108.354807
1399978780 108.352661
1399978782 107.919216
1399978784 108.127356
1399978787 108.062983
1399978789 107.829094
1399978791 108.247519
1399978793 108.204603
1399978796 108.449221
1399978798 107.556581
1399978800 107.393503
1399978802 107.138157
1399978804 107.10597
1399978807 107.445002
1399978809 108.788252
1399978811 107.500792
1399978813 107.543707
1399978816 107.148886
1399978818 107.427835
1399978820 107.44071
1399978822 107.505083
1399978824 107.509375
1399978827 104.445219
1399978829 103.51181
1399978831 104.043961
1399978833 104.696274
1399978836 102.524757
1399978838 101.810217
1399978840 101.891756
1399978842 101.632118
1399978844 101.024866
1399978847 100.908995
1399978849 101.327419
1399978851 101.608515
1399978853 101.973295
1399978856 103.644848
1399978858 103.782177
1399978860 102.365971
1399978862 102.578402
1399978864 102.86808
1399978867 102.655649
1399978869 104.331493
1399978871 104.224205
1399978873 104.404449
1399978876 105.187654
1399978878 105.679035
1399978880 105.719805
1399978882 105.462313
1399978884 105.698347
1399978887 105.385065
1399978889 107.266903
1399978891 107.940674
1399978893 106.899977
1399978896 105.947256
1399978898 105.421543
1399978900 105.292797
1399978902 105.417252
1399978904 106.058836
1399978907 105.887175
1399978909 105.576038
1399978911 105.730534
1399978913 104.127645
1399978916 103.971004
1399978918 103.501081
1399978920 104.14052
1399978922 104.226351
1399978924 103.908777
1399978927 103.773594
1399978929 103.737116
1399978931 103.666306
1399978933 104.19631
1399978936 104.159832
1399978938 103.906631
1399978940 103.777885
1399978942 102.340221
1399978944 102.119207
1399978947 102.080584
1399978949 102.380991
1399978951 102.247953
1399978953 102.211475
1399978956 102.235079
1399978958 102.200747
1399978960 101.670742
1399978962 101.254463
1399978964 101.254463
1399978967 101.202965
1399978969 100.821018
1399978971 101.177216
1399978973 100.814581
1399978976 100.788832
1399978978 101.091385
1399978980 101.018429
1399978982 100.979805
1399978984 101.089239
1399978987 101.001263
1399978989 100.512028
1399978991 101.202965
1399978993 101.2609
1399978996 100.986242
1399978998 100.876808
1399979000 100.863934
1399979002 100.799561
1399979004 100.876808
1399979007 101.061344
1399979009 101.213694
1399979011 101.138592
1399979013 101.020575
1399979016 100.76952
1399979018 100.574255
1399979020 101.224422
1399979022 101.265192
1399979024 101.029158
1399979027 100.795269
1399979029 101.17507
1399979031 100.797415
1399979033 100.981951
1399979036 101.06349
1399979038 101.031303
1399979040 100.975513
1399979042 101.209402
1399979044 100.816727
1399979047 100.557089
1399979049 101.151466
1399979051 101.140738
1399979053 100.943327
1399979056 100.958347
1399979058 101.018429
1399979060 100.533485
1399979062 101.065636
1399979064 101.2609
1399979067 101.254463
1399979069 100.859642
1399979071 100.969076
1399979073 100.887537
1399979076 100.681543
1399979078 101.248026
1399979080 101.235151
1399979082 101.018429
1399979084 100.808144
1399979087 101.076365
1399979089 100.65794
1399979091 101.222277
1399979093 101.19009
1399979096 101.087093
1399979098 100.883245
1399979100 98.694563
1399979102 98.211765
1399979104 98.40703
1399979107 99.005699
1399979109 98.99497
1399979111 99.557161
1399979113 99.812508
1399979116 99.793196
1399979118 100.924015
1399979120 100.797415
1399979122 100.58713
1399979124 100.694418
1399979127 100.291014
1399979129 101.479769
1399979131 101.391792
1399979133 102.548361
1399979136 102.833748
1399979138 103.093386
1399979140 102.966785
1399979142 102.86808
1399979144 103.089094
1399979147 102.546215
1399979149 104.726315
1399979151 104.889393
1399979153 103.49679
1399979156 103.151321
1399979158 103.209257
1399979160 102.870226
1399979162 103.342295
1399979164 103.391647
1399979167 103.243589
1399979169 103.140593
1399979171 103.464603
1399979173 102.968931
1399979176 102.211475
1399979178 102.453947
1399979180 102.473259
1399979182 102.29516
1399979184 102.222204
1399979187 102.314472
1399979189 102.095604
1399979191 102.582693
1399979193 102.552652
1399979196 102.404594
1399979198 102.123499
1399979200 102.069855
1399979202 102.072001
1399979205 100.087166
1399979207 100.41976
1399979209 100.402594
1399979211 99.756718
1399979213 99.803925
1399979216 99.844694
1399979218 99.531412
1399979220 100.067854
1399979222 100.063562
1399979225 98.705292
1399979227 98.578691
1399979229 98.928452
1399979231 98.46282
1399979233 98.937035
1399979236 98.922014
1399979238 98.780394
1399979240 98.46282
1399979242 96.396446
1399979245 96.08531
1399979247 96.239805
1399979249 97.971439
1399979251 98.00148
1399979253 99.042177
1399979256 98.81258
1399979258 97.486496
1399979260 97.840548
1399979262 98.228931
1399979265 98.88339
1399979267 99.91765
1399979269 99.499226
1399979271 99.913359
1399979273 100.265265
1399979276 100.23737
1399979278 100.812435
1399979280 100.924015
1399979282 100.47555
1399979285 101.168633
1399979287 102.11277
1399979289 101.310253
1399979291 100.919724
1399979293 100.945473
1399979296 100.745916
1399979298 100.23737
1399979300 100.696564
1399979302 100.095749
1399979305 100.398302
1399979307 100.827456
1399979309 100.372553
1399979311 99.900484
1399979313 99.621534
1399979316 99.535704
1399979318 99.537849
1399979320 100.162268
1399979322 100.170851
1399979325 100.093603
1399979327 99.718094
1399979329 99.904776
1399979331 99.589348
1399979333 99.527121
1399979336 100.02923
1399979338 99.306107
1399979340 97.162485
1399979342 97.512245
1399979345 97.851276
1399979347 97.158194
1399979349 98.821163
1399979351 97.797632
1399979353 97.767591
1399979356 97.495079
1399979358 96.512318
1399979360 95.986605
1399979362 96.353531
1399979365 96.645355
1399979367 96.692562
1399979369 96.411467
1399979371 96.293449
1399979373 96.1411
1399979376 96.102476
1399979378 94.654083
1399979380 94.428778
1399979382 94.317198
1399979385 94.044685
1399979387 95.117569
1399979389 95.394373
1399979391 95.643282
1399979394 97.046614
1399979396 96.726894
1399979398 95.613241
1399979400 95.505953
1399979402 95.626116
1399979405 95.956564
1399979407 97.615242
1399979409 97.589493
1399979411 97.726822
1399979413 97.743988
1399979416 97.853422
1399979418 97.625971
1399979420 98.149538
1399979422 98.102331
1399979425 99.660158
1399979427 99.235296
1399979429 98.681688
1399979431 97.877026
1399979433 97.600222
1399979436 98.00148
1399979438 98.164558
1399979440 98.087311
1399979442 97.913504
1399979445 98.121643
1399979447 97.853422
1399979449 97.482204
1399979451 97.591639
1399979453 97.490788
1399979456 97.336292
1399979458 97.241879
1399979460 97.093821
1399979462 97.091675
1399979465 97.533703
1399979467 97.400665
1399979469 97.37277
1399979471 97.115278
1399979473 97.34273
1399979476 97.033739
1399979478 96.224785
1399979480 95.366478
1399979482 95.647573
1399979485 95.415831
1399979487 95.222712
1399979489 96.027374
1399979491 95.175505
1399979493 95.651865
1399979496 95.649719
1399979498 94.177723
1399979500 93.98675
1399979502 94.289303
1399979505 93.735695
1399979507 94.100475
1399979509 94.302177
1399979511 94.282866
1399979513 94.282866
1399979516 93.967438
1399979518 93.737841
1399979520 93.836546
1399979522 94.362259
1399979525 94.242096
1399979527 94.203472
1399979529 94.104767
1399979531 93.920231
1399979533 93.742132
1399979536 93.995333
1399979538 92.049122
1399979540 91.971874
1399979542 91.926813
1399979545 92.907429
1399979547 93.362331
1399979549 94.171286
1399979551 94.658375
1399979553 93.572617
1399979556 94.044685
1399979558 93.941689
1399979560 96.553087
1399979562 95.042467
1399979565 96.297741
1399979567 96.136808
1399979569 96.091747
1399979571 96.003771
1399979573 96.016645
1399979576 95.890045
1399979578 96.123934
1399979580 97.516537
1399979582 97.664595
1399979585 97.181797
1399979587 95.299959
1399979589 95.023155
1399979591 95.132589
1399979594 95.598221
1399979596 95.435143
1399979598 95.364332
1399979600 95.156193
1399979602 95.278502
1399979605 94.879389
1399979607 94.832182
1399979609 95.156193
1399979611 94.795704
1399979614 94.688416
1399979616 94.988823
1399979618 94.778538
1399979620 94.480276
1399979622 95.063925
1399979625 94.842911
1399979627 94.705582
1399979629 94.666958
1399979631 94.870806
1399979634 92.568398
1399979636 93.158484
1399979638 93.244314
1399979640 93.066216
1399979642 93.26148
1399979645 93.69278
1399979647 92.838764
1399979649 92.898846
1399979651 93.1499
1399979654 92.229366
1399979656 91.840982
1399979658 91.79163
1399979660 91.90321
1399979662 91.793776
1399979665 91.626406
1399979667 92.210054
1399979669 91.90321
1399979671 91.866732
1399979674 91.722965
1399979676 91.937542
1399979678 91.622114
1399979680 92.113495
1399979682 91.894627
1399979685 91.789484
1399979687 91.804504
1399979689 91.937542
1399979691 91.495514
1399979694 91.720819
1399979696 92.016935
1399979698 91.995478
1399979700 91.939688
1399979702 91.868877
1399979705 91.768026
1399979707 91.660738
1399979709 92.190742
1399979711 92.064142
1399979714 91.804504
1399979716 91.707945
1399979718 92.006207
1399979720 91.508389
1399979723 91.845274
1399979725 92.180014
1399979727 91.898918
1399979729 91.901064
1399979731 91.602802
1399979734 91.817379
1399979736 91.525555
1399979738 92.25297
1399979740 91.890335
1399979742 91.819525
1399979745 91.765881
1399979747 91.716528
1399979749 91.55345
1399979751 91.86244
1399979754 91.916084
1399979756 91.896772
1399979758 91.864586
1399979760 91.740131
1399979762 91.80665
1399979765 91.549158
1399979767 92.177868
1399979769 91.956854
1399979771 91.690779
1399979774 91.770172
1399979776 91.772318
1399979778 91.510534
1399979780 91.924667
1399979782 92.113495
1399979785 91.836691
1399979787 91.943979
1399979789 91.851711
1399979791 91.615677
1399979794 91.66503
1399979796 92.126369
1399979798 91.860294
1399979800 91.79163
1399979802 91.757298
1399979805 91.761589
1399979807 91.596365
1399979809 92.107058
1399979811 92.027664
1399979814 91.922522
1399979816 91.907501
1399979818 91.787338
1399979820 93.152046
1399979822 91.673613
1399979825 93.291521
1399979827 93.293667
1399979829 91.703653
1399979831 91.68005
1399979834 91.922522
1399979836 91.454744
1399979838 92.173576
1399979840 92.049122
1399979842 91.935396
1399979845 90.199471
1399979847 89.085817
1399979849 90.572834
1399979851 90.435505
1399979854 90.795994
1399979856 91.725111
1399979858 92.057705
1399979860 90.774536
1399979862 90.845346
1399979865 91.652155
1399979867 91.93325
1399979869 91.686487
1399979871 93.396664
1399979874 94.194889
1399979876 93.780756
1399979878 92.888117
1399979880 92.913866
1399979882 93.014717
1399979885 92.345238
1399979887 92.654228
1399979889 92.289448
1399979891 92.463255
1399979894 92.986822
1399979896 95.053196
1399979898 92.310905
1399979900 92.398882
1399979902 93.042612
1399979905 92.203617
1399979907 92.907429
1399979909 93.021154
1399979911 92.263699
1399979914 92.448235
1399979916 92.227221
1399979918 91.80665
1399979920 92.300177
1399979922 92.684269
1399979925 92.529774
1399979927 91.90321
1399979929 91.943979
1399979931 91.860294
1399979934 91.793776
1399979936 92.486858
1399979938 92.634916
1399979943 91.160774
1399979944 90.47842
1399979945 90.963364
1399979947 90.246677
1399979949 90.785265
1399979951 91.137171
1399979954 91.167212
1399979956 90.570688
1399979958 90.489149
1399979960 89.600801
1399979962 89.165211
1399979965 87.858438
1399979967 87.594509
1399979969 87.152481
1399979971 88.081598
1399979974 89.173794
1399979976 89.474201
1399979978 89.96129
1399979980 89.93125
1399979982 89.113712
1399979985 88.929176
1399979987 90.31105
1399979989 89.944124
1399979991 89.856148
1399979994 90.555668
1399979996 90.353966
1399979998 90.396881
1399980000 89.864731
1399980002 90.469837
1399980005 89.918375
1399980007 91.156483
1399980009 91.939688
1399980011 90.647936
1399980014 89.974165
1399980016 90.622187
1399980018 89.967728
1399980020 89.851856
1399980022 90.495586
1399980025 90.461254
1399980027 90.188742
1399980029 89.527845
1399980031 89.907646
1399980034 89.392662
1399980036 89.690924
1399980038 90.008497
1399980040 89.948416
1399980042 90.373278
1399980045 89.437723
1399980047 89.487076
1399980049 89.480639
1399980051 90.092182
1399980054 89.982748
1399980056 89.952707
1399980058 88.519335
1399980060 88.60302
1399980062 88.259697
1399980065 88.7146
1399980067 88.733912
1399980069 88.583708
1399980071 88.128805
1399980074 88.135242
1399980076 89.225292
1399980078 87.508678
1399980080 87.669611
1399980082 87.607384
1399980085 87.302685
1399980087 86.99584
1399980089 87.098837
1399980091 86.807013
1399980094 87.455034
1399980096 87.603092
1399980098 87.633133
1399980100 87.133169
1399980102 87.128878
1399980105 87.006569
1399980107 87.14819
1399980109 87.590218
1399980111 87.540865
1399980114 87.424994
1399980116 86.976528
1399980118 87.656736
1399980120 86.94005
1399980122 87.594509
1399980125 87.570906
1399980127 87.253332
1399980129 87.030172
1399980131 87.182522
1399980134 86.965799
1399980136 87.219
1399980138 87.594509
1399980140 87.493658
1399980143 87.326288
1399980145 87.055922
1399980147 87.004423
1399980149 86.918592
1399980151 87.545156
1399980154 87.478638
1399980156 87.523699
1399980158 87.002277
1399980160 87.279081
1399980163 87.251186
1399980165 86.897135
1399980167 87.493658
1399980169 87.500095
1399980171 87.12244
1399980174 86.989403
1399980176 87.422848
1399980178 86.860657
1399980180 87.495804
1399980183 87.58378
1399980185 87.45718
1399980187 87.264061
1399980189 86.749077
1399980191 86.721182
1399980194 87.628841
1399980196 87.577343
1399980198 87.306976
1399980200 86.976528
1399980203 87.221146
1399980205 86.779118
1399980207 87.600946
1399980209 85.480928
1399980211 85.199833
1399980214 84.828615
1399980216 86.46369
1399980218 85.706234
1399980220 85.87575
1399980223 87.347746
1399980225 87.004423
1399980227 89.137316
1399980229 88.918447
1399980231 88.933468
1399980234 87.375641
1399980236 87.858438
1399980238 87.852001
1399980240 87.815523
1399980243 87.500095
1399980245 87.474346
1399980247 87.105274
1399980249 87.420702
1399980251 88.236094
1399980254 89.411974
1399980256 87.414265
1399980258 87.343454
1399980260 87.761879
1399980263 87.053776
1399980265 88.038683
1399980267 88.051558
1399980269 87.268353
1399980271 86.993694
1399980274 87.242603
1399980276 86.70187
1399980278 87.279081
1399980280 87.592363
1399980283 87.954998
1399980285 87.077379
1399980287 87.002277
1399980289 86.989403
1399980291 86.723328
1399980294 87.630987
1399980296 87.508678
1399980298 86.521626
1399980300 86.186886
1399980303 86.401463
1399980305 86.034536
1399980307 86.502314
1399980309 86.547375
1399980311 86.515188
1399980314 86.107492
1399980316 86.139679
1399980318 85.116148
1399980320 84.498167
1399980323 85.384369
1399980325 85.416555
1399980327 84.753513
1399980329 84.7857
1399980331 85.234165
1399980334 84.676266
1399980336 85.390806
1399980338 85.371494
1399980340 85.257769
1399980343 84.955215
1399980345 84.792137
1399980347 84.650517
1399980349 84.594727
1399980351 85.407972
1399980354 85.360765
1399980356 85.174084
1399980358 84.755659
1399980360 85.126877
1399980363 84.712744
1399980365 84.704161
1399980367 85.279226
1399980369 85.313559
1399980371 84.751368
1399980374 84.796429
1399980376 84.757805
1399980378 84.49173
1399980380 85.382223
1399980383 85.397243
1399980385 85.129023
1399980387 84.783554
1399980389 85.386515
1399980391 84.523916
1399980394 84.916592
1399980396 85.412264
1399980398 85.118294
1399980400 84.822178
1399980403 84.747076
1399980405 84.68914
1399980407 84.532499
1399980409 85.450888
1399980411 85.309267
1399980414 85.335016
1399980416 84.742785
1399980418 84.976673
1399980420 84.515333
1399980423 85.004568
1399980425 85.289955
1399980427 85.193396
1399980429 84.759951
1399980431 84.740639
1399980434 85.216999
1399980436 84.710598
1399980438 85.459471
1399980440 85.401535
1399980443 84.908009
1399980445 84.787846
1399980447 85.105419
1399980449 84.502459
1399980451 85.204124
1399980454 85.42943
1399980456 85.13546
1399980458 85.004568
1399980460 84.850073
1399980463 84.579706
1399980465 84.543228
1399980467 85.386515
1399980469 85.266352
1399980471 85.131168
1399980474 84.772825
1399980476 85.124731
1399980478 84.526062
1399980480 85.37364
1399980483 85.418701
1399980485 85.38866
1399980487 84.781408
1399980489 85.015297
1399980491 84.798574
1399980494 84.515333
1399980496 85.35862
1399980498 85.287809
1399980500 84.843636
1399980503 84.740639
1399980505 85.311413
1399980507 84.526062
1399980509 85.418701
1399980512 85.362911
1399980514 85.285664
1399980516 84.802866
1399980518 85.026026
1399980520 84.61833
1399980523 84.536791
1399980525 85.405827
1399980527 85.255623
1399980529 84.998131
1399980532 85.259914
1399980534 84.502459
1399980536 85.403681
1399980538 85.420847
1399980540 85.307121
1399980543 84.965944
1399980545 85.189104
1399980547 84.465981
1399980549 84.455252
1399980552 85.369349
1399980554 85.435867
1399980556 85.199833
1399980558 84.762096
1399980560 85.015297
1399980563 84.481001
1399980565 85.41441
1399980567 85.431576
1399980569 85.459471
1399980572 84.727764
1399980574 84.832907
1399980576 84.438086
1399980578 84.558249
1399980580 85.392952
1399980583 85.450888
1399980585 84.899426
1399980587 84.740639
1399980589 85.118294
1399980592 83.436012
1399980594 82.963943
1399980596 83.103418
1399980598 83.388805
1399980601 83.796501
1399980603 85.311413
1399980605 84.408045
1399980607 84.109783
1399980609 84.665537
1399980612 84.768534
1399980614 85.622549
1399980616 84.549665
1399980618 85.116148
1399980621 84.281445
1399980623 85.131168
1399980625 85.453033
1399980627 85.208416
1399980630 84.910154
1399980632 85.088253
1399980634 84.839344
1399980636 86.465836
1399980638 87.315559
1399980641 86.244822
1399980643 84.946632
1399980645 84.929466
1399980647 84.972382
1399980650 84.549665
1399980652 85.289955
1399980654 85.386515
1399980656 84.684849
1399980658 84.590435
1399980661 84.888697
1399980663 84.165573
1399980665 84.7857
1399980667 84.9123
1399980669 85.137606
1399980672 85.002422
1399980674 84.590435
1399980676 84.382296
1399980678 84.056139
1399980681 85.02388
1399980683 85.227728
1399980685 84.259987
1399980687 83.931684
1399980689 84.221363
1399980692 83.403826
1399980694 83.208561
1399980696 84.264278
1399980698 84.427357
1399980700 84.813595
1399980703 83.071232
1399980705 82.386732
1399980707 82.17001
1399980709 83.124876
1399980712 83.131313
1399980714 83.270788
1399980716 82.532644
1399980718 82.790136
1399980720 82.208633
1399980723 82.285881
1399980725 83.096981
1399980727 83.264351
1399980729 82.764387
1399980732 82.455397
1399980734 82.854509
1399980736 82.05843
1399980738 83.131313
1399980741 83.182812
1399980743 83.032608
1399980745 82.49402
1399980747 82.865238
1399980749 82.202196
1399980752 82.455397
1399980754 83.127022
1399980756 83.081961
1399980758 82.652807
1399980760 82.528353
1399980763 82.695723
1399980765 82.238674
1399980767 83.094835
1399980769 83.105564
1399980772 80.026388
1399980774 78.142405
1399980776 78.037262
1399980778 77.979326
1399980781 79.307556
1399980783 80.112219
1399980785 81.103563
1399980787 80.189466
1399980789 79.277515
1399980792 79.843998
1399980794 79.779625
1399980796 81.122875
1399980798 80.54781
1399980801 80.582142
1399980803 79.719543
1399980805 80.33967
1399980807 79.607964
1399980809 81.734419
1399980812 80.509186
1399980814 80.715179
1399980816 81.315994
1399980818 81.451178
1399980821 80.910444
1399980823 79.668045
1399980825 80.479145
1399980827 80.678701
1399980829 80.582142
1399980832 79.893351
1399980834 80.236673
1399980836 79.34618
1399980838 80.281734
1399980841 80.406189
1399980843 80.423355
1399980845 79.494238
1399980847 79.665899
1399980850 79.706669
1399980852 79.247475
1399980854 80.337524
1399980856 80.423355
1399980858 79.901934
1399980861 79.470634
1399980863 79.9191
1399980865 77.970743
1399980867 78.683138
1399980870 78.595161
1399980872 78.635931
1399980874 78.18532
1399980876 77.820539
1399980878 77.57163
1399980881 79.477072
1399980883 78.698158
1399980885 78.193903
1399980887 77.730417
1399980890 78.378439
1399980892 77.543736
1399980894 78.721762
1399980896 78.70245
1399980899 78.753948
1399980901 78.084469
1399980903 78.402042
1399980905 77.678919
1399980908 77.535152
1399980910 78.657389
1399980912 78.638077
1399980914 78.204632
1399980916 77.77977
1399980919 78.103781
1399980921 77.535152
1399980923 78.732491
1399980925 78.713179
1399980928 78.565121
1399980930 77.897787
1399980932 78.569412
1399980934 77.85058
1399980937 77.72398
1399980939 78.753948
1399980941 78.700304
1399980943 78.028679
1399980945 77.801228
1399980948 78.230381
1399980950 77.515841
1399980952 78.668118
1399980954 78.685284
1399980957 78.52006
1399980959 77.960014
1399980961 78.5501
1399980963 77.687502
1399980966 77.968597
1399980968 78.678846
1399980970 78.680992
1399980972 78.161716
1399980974 77.796936
1399980977 78.052282
1399980979 77.657461
1399980981 78.743219
1399980983 78.805447
1399980986 78.676701
1399980988 77.861309
1399980990 78.38273
1399980992 77.554464
1399980994 78.189611
1399980997 78.719616
1399980999 78.629494
1399981001 77.841997
1399981003 77.882767
1399981006 78.045845
1399981008 77.560902
1399981010 78.715324
1399981012 78.678846
1399981014 78.275442
1399981017 77.758312
1399981019 78.374147
1399981021 77.567339
1399981023 78.470707
1399981026 78.783989
1399981028 78.756094
1399981030 77.994347
1399981032 77.852726
1399981035 78.026533
1399981037 77.496529
1399981039 78.723907
1399981041 78.736782
1399981044 78.588724
1399981046 77.818394
1399981048 78.187466
1399981050 77.539444
1399981052 78.618765
1399981055 78.741074
1399981057 78.515768
1399981059 77.927828
1399981061 78.099489
1399981064 77.899933
1399981066 77.558756
1399981068 78.670263
1399981070 78.708887
1399981072 78.120947
1399981075 77.841997
1399981077 78.005075
1399981079 77.72398
1399981081 78.728199
1399981084 78.674555
1399981086 78.659534
1399981088 77.805519
1399981090 78.189611
1399981092 77.90637
1399981095 77.588797
1399981097 78.685284
1399981099 78.64666
1399981101 78.208923
1399981104 77.790499
1399981106 78.481436
1399981108 77.629566
1399981110 78.764677
1399981113 78.676701
1399981115 78.545809
1399981117 77.76475
1399981119 78.414917
1399981121 77.803373
1399981124 77.605963
1399981126 78.618765
1399981128 78.638077
1399981130 78.035116
1399981132 77.801228
1399981135 78.193903
1399981137 77.421427
1399981139 78.704596
1399981141 78.672409
1399981144 79.65517
1399981146 79.429865
1399981148 80.758095
1399981150 79.185247
1399981152 79.541445
1399981155 80.208778
1399981157 81.045628
1399981159 79.556465
1399981161 79.479218
1399981164 80.022097
1399981166 79.129457
1399981168 80.286026
1399981170 80.217361
1399981172 80.137968
1399981175 79.622984
1399981177 80.039263
1399981179 79.921246
1399981181 81.09498
1399981184 80.762386
1399981186 81.845999
1399981188 79.942703
1399981190 79.376221
1399981192 79.850435
1399981195 79.243183
1399981197 80.221653
1399981199 80.15728
1399981201 80.095053
1399981204 79.406261
1399981206 79.98991
1399981208 79.153061
1399981210 79.618692
1399981213 80.309629
1399981215 80.112219
1399981217 79.389095
1399981219 80.307484
1399981221 79.58436
1399981224 80.097198
1399981226 79.998493
1399981228 79.605818
1399981230 79.292536
1399981233 79.607964
1399981235 78.736782
1399981237 79.541445
1399981239 79.880476
1399981242 79.848289
1399981244 79.532862
1399981246 78.097343
1399981248 78.056574
1399981250 77.498674
1399981253 78.644514
1399981255 78.685284
1399981257 78.208923
1399981259 77.867746
1399981262 78.273296
1399981264 77.642441
1399981266 78.492165
1399981268 78.599453
1399981270 78.66168
1399981273 77.985764
1399981275 78.056574
1399981277 77.824831
1399981279 77.520132
1399981282 78.567266
1399981284 78.620911
1399981286 78.290462
1399981288 77.751875
1399981290 78.384876
1399981293 77.721834
1399981295 78.689575
1399981297 78.687429
1399981299 78.70245
1399981302 78.075886
1399981304 77.726126
1399981306 77.711105
1399981308 77.477217
1399981310 78.653097
1399981313 78.625202
1399981315 78.071594
1399981317 77.775478
1399981319 78.644514
1399981322 77.640295
1399981324 77.919245
1399981326 78.64666
1399981328 78.500748
1399981330 77.841997
1399981333 77.72398
1399981335 77.567339
1399981337 77.460051
1399981339 78.64666
1399981342 78.597307
1399981344 78.410625
1399981346 77.70896
1399981348 78.221798
1399981350 77.535152
1399981353 76.923609
1399981355 76.357126
1399981357 76.397896
1399981359 76.758385
1399981362 76.766968
1399981364 78.468561
1399981366 77.211142
1399981368 77.990055
1399981370 77.846289
1399981373 77.869892
1399981375 78.037262
1399981377 78.417063
1399981379 76.657534
1399981382 77.44503
1399981384 79.324722
1399981386 77.666044
1399981388 77.108145
1399981390 76.878548
1399981393 76.869965
1399981395 76.975107
1399981397 79.118729
1399981399 78.998566
1399981402 77.406406
1399981404 76.949358
1399981406 77.610254
1399981408 76.775551
1399981410 77.644587
1399981413 77.826977
1399981415 77.685356
1399981417 76.779842
1399981419 77.050209
1399981422 76.938629
1399981424 76.530933
1399981426 77.588797
1399981428 77.575922
1399981430 77.138186
1399981433 77.414989
1399981435 77.114582
1399981437 76.552391
1399981439 77.773333
1399981442 77.584505
1399981444 77.601671
1399981446 76.87211
1399981448 77.357054
1399981451 76.734781
1399981453 76.676846
1399981455 77.492237
1399981457 77.397823
1399981459 77.284098
1399981462 76.788425
1399981464 77.159643
1399981466 76.189756
1399981468 76.449394
1399981471 76.305628
1399981473 76.256275
1399981475 75.511694
1399981477 75.940847
1399981479 75.359344
1399981482 75.284243
1399981484 76.350689
1399981486 76.307774
1399981488 75.76704
1399981491 75.520277
1399981493 76.080322
1399981495 75.294971
1399981497 76.344252
1399981500 76.385021
1399981502 76.32494
1399981504 75.561047
1399981506 76.144695
1399981508 75.524569
1399981511 75.387239
1399981513 76.254129
1399981515 76.350689
1399981517 75.912952
1399981519 75.539589
1399981522 73.814392
1399981524 73.003292
1399981526 74.245691
1399981528 75.230598
1399981531 76.292753
1399981533 75.91939
1399981535 75.608253
1399981537 74.612617
1399981540 75.45805
1399981542 76.148987
1399981544 75.037479
1399981546 74.775696
1399981548 74.252129
1399981551 74.60618
1399981553 73.958158
1399981555 75.136185
1399981558 75.166225
1399981560 75.200558
1399981562 74.904442
1399981564 75.187683
1399981566 76.112509
1399981569 75.380802
1399981571 75.333595
1399981573 74.462414
1399981575 74.4946
1399981578 74.537516
1399981580 74.005365
1399981582 75.211287
1399981584 75.286388
1399981586 74.769258
1399981589 74.355125
1399981591 74.597597
1399981593 73.908806
1399981595 74.803591
1399981598 76.206923
1399981600 75.45805
1399981602 74.402332
1399981604 74.404478
1399981607 74.391603
1399981609 74.305773