1399973703 113.294363
1399973705 113.714933
1399973707 113.841534
1399973709 115.051746
1399973711 115.223408
1399973714 113.772869
1399973716 113.084078
1399973718 113.277197
1399973720 113.644123
1399973722 113.637686
1399973725 113.122702
1399973727 113.470316
1399973729 113.517523
1399973731 113.219261
1399973734 113.335133
1399973736 114.122629
1399973738 113.554001
1399973740 113.680601
1399973743 112.58626
1399973745 112.101316
1399973747 112.4897
1399973749 112.725735
1399973751 112.693548
1399973754 112.54549
1399973756 112.506866
1399973758 112.416744
1399973760 112.382412
1399973763 112.470388
1399973765 112.569094
1399973767 112.71286
1399973769 112.725735
1399973771 109.236717
1399973774 109.485626
1399973776 110.479116
1399973778 110.601425
1399973780 109.715223
1399973783 109.543562
1399973785 109.601498
1399973787 109.410524
1399973789 110.594988
1399973791 111.406088
1399973794 111.225843
1399973796 113.401651
1399973798 113.105536
1399973800 113.373756
1399973803 113.021851
1399973805 113.375902
1399973807 113.912344
1399973809 114.736319
1399973811 113.770723
1399973814 113.506794
1399973816 113.176346
1399973818 112.918854
1399973820 112.897396
1399973823 113.416672
1399973825 113.779306
1399973827 113.302946
1399973829 113.332987
1399973831 113.253593
1399973834 113.28578
1399973836 112.294436
1399973838 112.29229
1399973840 112.43391
1399973843 113.090515
1399973845 112.088442
1399973847 111.865282
1399973849 112.328768
1399973851 112.43391
1399973854 112.528324
1399973856 112.547636
1399973858 112.174273
1399973860 112.08415
1399973863 112.240791
1399973865 109.479189
1399973867 109.515667
1399973869 110.594988
1399973871 110.586405
1399973874 110.268831
1399973876 109.011412
1399973878 109.665871
1399973880 109.689474
1399973883 110.863209
1399973885 110.816002
1399973887 112.303019
1399973889 112.051964
1399973891 112.734318
1399973894 113.204241
1399973896 113.092661
1399973898 113.135576
1399973900 112.957478
1399973903 114.324331
1399973905 113.993883
1399973907 113.079786
1399973909 113.019705
1399973911 113.208532
1399973914 112.955332
1399973916 112.757921
1399973918 113.002539
1399973920 113.030434
1399973923 113.369465
1399973925 113.090515
1399973927 113.217115
1399973929 112.026215
1399973931 111.897469
1399973934 111.835241
1399973936 112.133503
1399973938 112.043381
1399973940 112.088442
1399973943 112.118483
1399973945 112.19573
1399973947 111.83095
1399973950 112.182856
1399973952 112.032652
1399973954 112.200022
1399973956 112.318039
1399973958 109.35688
1399973960 109.200239
1399973963 109.674454
1399973965 110.749483
1399973967 109.768867
1399973969 109.886885
1399973971 109.693766
1399973974 109.374046
1399973976 111.118555
1399973978 110.633612
1399973980 111.848116
1399973983 112.843752
1399973985 112.871647
1399973987 112.794399
1399973989 112.897396
1399973991 112.573385
1399973994 112.942457
1399973996 114.564657
1399973998 113.034725
1399974000 112.914562
1399974003 112.867355
1399974005 112.105608
1399974007 113.004684
1399974009 112.981081
1399974011 113.577604
1399974014 113.002539
1399974016 112.818003
1399974018 112.54549
1399974020 111.197948
1399974023 111.092806
1399974025 111.069202
1399974027 110.989809
1399974029 111.101389
1399974031 110.770941
1399974034 110.689402
1399974036 111.060619
1399974038 111.116409
1399974040 111.094952
1399974043 111.794472
1399974045 110.910416
1399974047 110.78167
1399974049 109.487772
1399974051 109.663725
1399974054 109.431982
1399974056 110.532761
1399974058 109.728098
1399974060 109.710932
1399974063 109.326839
1399974065 109.695911
1399974067 111.378193
1399974069 110.466242
1399974071 111.64856
1399974074 112.161398
1399974076 112.178564
1399974078 112.264395
1399974080 112.536907
1399974083 113.350153
1399974085 112.328768
1399974087 114.148378
1399974089 113.549709
1399974091 112.217188
1399974094 112.536907
1399974096 112.12492
1399974098 112.369537
1399974100 112.429619
1399974103 113.124847
1399974105 112.29229
1399974107 112.47468
1399974109 112.590551
1399974111 112.148523
1399974114 111.60779
1399974116 111.785889
1399974118 111.577749
1399974120 111.421108
1399974123 111.687183
1399974125 111.526251
1399974127 111.680746
1399974129 111.826658
1399974131 111.708641
1399974134 111.266613
1399974136 111.423254
1399974138 111.723661
1399974140 111.18722
1399974143 109.268904
1399974145 110.46195
1399974147 110.009193
1399974149 109.163761
1399974151 109.625101
1399974154 109.70664
1399974156 111.245155
1399974158 110.749483
1399974160 111.71937
1399974163 112.118483
1399974165 112.112045
1399974167 112.185001
1399974169 112.345934
1399974172 112.356663
1399974174 112.266541
1399974176 111.777306
1399974178 113.354445
1399974180 113.81793
1399974183 112.32233
1399974185 111.781597
1399974187 112.105608
1399974189 111.882448
1399974191 111.923218
1399974194 112.002611
1399974196 112.390995
1399974198 112.326622
1399974200 111.815929
1399974203 111.335278
1399974205 111.150742
1399974207 111.13143
1399974209 111.556292
1399974211 111.476898
1399974214 111.418962
1399974216 111.423254
1399974218 111.49621
1399974220 111.107826
1399974223 112.264395
1399974225 111.51123
1399974227 111.399651
1399974229 110.841751
1399974231 109.200239
1399974234 109.210968
1399974236 110.247374
1399974238 110.213041
1399974240 109.687328
1399974243 109.723806
1399974245 109.444857
1399974247 111.399651
1399974249 110.785961
1399974251 111.4254
1399974254 111.923218
1399974256 111.854553
1399974258 111.835241
1399974260 111.99832
1399974263 112.751484
1399974265 111.599207
1399974267 113.588333
1399974269 113.528252
1399974271 111.912489
1399974274 111.985445
1399974276 111.755848
1399974278 111.584187
1399974280 111.768723
1399974283 112.444639
1399974285 112.043381
1399974287 111.918926
1399974289 112.127066
1399974291 110.886812
1399974294 110.96406
1399974296 111.288071
1399974298 111.279488
1399974300 111.337423
1399974303 111.191511
1399974305 110.903978
1399974307 110.803127
1399974309 111.13143
1399974311 111.320257
1399974314 111.191511
1399974316 111.326694
1399974318 111.371756
1399974320 109.344006
1399974323 109.23028
1399974325 110.594988
1399974327 110.410452
1399974329 109.567165
1399974331 109.768867
1399974334 109.865427
1399974336 110.382557
1399974338 110.489845
1399974340 111.07564
1399974343 111.876011
1399974345 111.674309
1399974347 111.601353
1399974349 111.382484
1399974351 111.680746
1399974354 111.798763
1399974356 111.826658
1399974358 113.227844
1399974360 112.470388
1399974363 111.2988
1399974365 111.206532
1399974367 111.674309
1399974369 111.659288
1399974371 111.807346
1399974374 111.6786
1399974376 111.303091
1399974378 111.361027
1399974380 110.972643
1399974383 111.01985
1399974385 111.047745
1399974387 111.028433
1399974389 110.850334
1399974391 110.800982
1399974394 110.657215
1399974396 111.017704
1399974398 111.037016
1399974400 111.045599
1399974403 111.783743
1399974405 110.899687
1399974407 110.663652
1399974409 109.395504
1399974411 109.648705
1399974414 109.419107
1399974416 110.592842
1399974418 109.659433
1399974420 109.305382
1399974423 109.384775
1399974425 111.528397
1399974427 110.846043
1399974429 111.062765
1399974431 111.10568
1399974434 111.275196
1399974436 110.871792
1399974438 111.363173
1399974440 111.335278
1399974443 112.02836
1399974445 112.300873
1399974447 113.616228
1399974449 112.725735
1399974451 111.796618
1399974454 111.959696
1399974456 112.193584
1399974458 112.232208
1399974460 112.137794
1399974463 112.32233
1399974465 110.884666
1399974467 111.427546
1399974469 110.753775
1399974472 110.785961
1399974474 110.820293
1399974476 110.693693
1399974478 110.442638
1399974480 110.736609
1399974483 110.760212
1399974485 110.794544
1399974487 110.766649
1399974489 110.723734
1399974491 110.399723
1399974494 110.605717
1399974496 110.833168
1399974498 109.273195
1399974500 109.749556
1399974503 110.11219
1399974505 110.719442
1399974507 109.305382
1399974509 109.547853
1399974511 109.63583
1399974514 111.021996
1399974516 111.047745
1399974518 111.021996
1399974520 110.674381
1399974523 110.569239
1399974525 110.942602
1399974527 111.064911
1399974529 111.071348
1399974531 111.058474
1399974534 111.054182
1399974536 112.148523
1399974538 111.060619
1399974540 111.137867
1399974543 110.906124
1399974545 110.846043
1399974547 110.918999
1399974549 110.579967
1399974551 110.556364
1399974554 111.860991
1399974556 110.564947
1399974558 110.582113
1399974560 110.586405
1399974563 110.584259
1399974565 110.185146
1399974567 110.537052
1399974569 110.57353
1399974571 110.466242
1399974574 110.442638
1399974576 110.459805
1399974578 110.125065
1399974580 110.127211
1399974583 110.519886
1399974585 109.519958
1399974587 109.631538
1399974589 109.713078
1399974591 110.55851
1399974594 110.283852
1399974596 109.601498
1399974598 109.792471
1399974600 109.618664
1399974603 110.702276
1399974605 110.423326
1399974607 110.401869
1399974609 110.369682
1399974611 110.6143
1399974614 111.654997
1399974616 110.678673
1399974618 110.764503
1399974620 110.777378
1399974623 111.918926
1399974625 112.324476
1399974627 111.219406
1399974629 110.474825
1399974631 110.695839
1399974634 110.734463
1399974636 110.273123
1399974638 110.459805
1399974640 110.687256
1399974643 110.888958
1399974645 110.371828
1399974647 110.37612
1399974649 110.09717
1399974651 109.869719
1399974654 110.073566
1399974656 110.399723
1399974658 110.230207
1399974660 110.356808
1399974663 110.277414
1399974665 110.107899
1399974667 109.891176
1399974669 110.318184
1399974671 110.352516
1399974674 109.983444
1399974676 110.693693
1399974678 110.522032
1399974680 109.279633
1399974683 109.504938
1399974685 109.753847
1399974687 110.519886
1399974689 110.150814
1399974691 110.165834
1399974694 109.992027
1399974696 110.288143
1399974698 110.404015
1399974700 110.348225
1399974703 110.33535
1399974705 110.399723
1399974707 109.91478
1399974709 110.966206
1399974711 111.878157
1399974714 111.305237
1399974716 110.341787
1399974718 110.444784
1399974720 110.155106
1399974723 110.088587
1399974725 110.44693
1399974727 110.886812
1399974729 110.873938
1399974732 110.011339
1399974734 110.464096
1399974736 109.625101
1399974738 110.028505
1399974740 110.073566
1399974743 110.519886
1399974745 110.049963
1399974747 110.00061
1399974749 109.717369
1399974751 109.629393
1399974754 110.030651
1399974756 109.895468
1399974758 109.112263
1399974760 110.577822
1399974763 110.575676
1399974765 109.15947
1399974767 110.015631
1399974769 112.030506
1399974771 111.691475
1399974774 111.659288
1399974776 111.620665
1399974778 111.116409
1399974780 109.904051
1399974783 110.069275
1399974785 109.964132
1399974787 110.064983
1399974789 110.062838
1399974791 109.715223
1399974794 111.176491
1399974796 110.052109
1399974798 110.202312
1399974800 110.067129
1399974803 110.635757
1399974805 109.91478
1399974807 110.118628
1399974809 110.650778
1399974811 109.695911
1399974814 109.725952
1399974816 109.740973
1399974818 109.788179
1399974820 109.848261
1399974823 109.492064
1399974825 109.794617
1399974827 109.734535
1399974829 109.753847
1399974831 109.783888
1399974834 110.650778
1399974836 109.487772
1399974838 109.642267
1399974840 110.142231
1399974843 110.178709
1399974845 111.335278
1399974847 110.39114
1399974849 109.9298
1399974851 110.032797
1399974854 110.627174
1399974856 110.530615
1399974858 110.89325
1399974860 110.582113
1399974863 110.663652
1399974865 110.088587
1399974867 109.410524
1399974869 109.740973
1399974871 109.805346
1399974874 110.579967
1399974876 110.122919
1399974878 111.292362
1399974880 110.022068
1399974883 109.680891
1399974885 109.773159
1399974887 109.713078
1399974889 109.788179
1399974891 109.745264
1399974894 109.487772
1399974896 109.408379
1399974898 109.614372
1399974900 109.6766
1399974903 109.597206
1399974905 109.492064
1399974907 109.172344
1399974909 109.140158
1399974911 109.507084
1399974914 109.607935
1399974916 109.603643
1399974918 109.584332
1399974921 109.489918
1399974923 109.268904
1399974925 110.32033
1399974927 110.569239
1399974929 109.809637
1399974931 109.822512
1399974934 109.575748
1399974936 110.064983
1399974938 108.953476
1399974940 109.50923
1399974943 109.515667
1399974945 109.39765
1399974947 109.374046
1399974949 109.251738
1399974951 108.959913
1399974954 109.163761
1399974956 109.485626
1399974958 109.502792
1399974960 111.064911
1399974963 110.515594
1399974965 109.041452
1399974967 109.178782
1399974969 109.541416
1399974971 109.562874
1399974974 109.481335
1399974976 109.18951
1399974978 109.206676
1399974980 109.099388
1399974983 109.110117
1399974985 109.322548
1399974987 109.303236
1399974989 109.155178
1399974991 109.622955
1399974994 109.369755
1399974996 109.037161
1399974998 109.262466
1399975000 109.219551
1399975003 109.232426
1399975005 109.307528
1399975007 109.610081
1399975009 109.966278
1399975011 110.228062
1399975014 109.644413
1399975016 109.558582
1399975018 110.234499
1399975020 109.923363
1399975023 108.987808
1399975025 109.000683
1399975027 109.043598
1399975029 109.071493
1399975031 109.086514
1399975034 109.101534
1399975036 108.798981
1399975038 108.949184
1399975040 109.122992
1399975043 110.768795
1399975045 109.13372
1399975047 109.17449
1399975049 108.786106
1399975051 108.977079
1399975054 109.2453
1399975056 109.204531
1399975058 109.298944
1399975060 109.054327
1399975063 108.891249
1399975065 108.629465
1399975067 108.996391
1399975069 109.140158
1399975071 109.170198
1399975074 109.065056
1399975076 109.157324
1399975078 109.019995
1399975080 108.801126
1399975083 109.610081
1399975085 109.138012
1399975087 109.599352