Copy: 3657.1 0.167472 0.166253 0.168618 Scale: 3423.8 0.178429 0.177579 0.179778 Add: 4775.6 0.191889 0.190970 0.193498 Triad: 4642.0 0.197895 0.196469 0.203675 Unixtime: 1400255526 
Copy: 3450.7 0.167918 0.166924 0.169403 Scale: 3232.4 0.178857 0.178198 0.181126 Add: 4503.6 0.192614 0.191847 0.193834 Triad: 4380.4 0.198041 0.197244 0.199091 Unixtime: 1400255557 
Copy: 4583.6 0.120608 0.118684 0.125324 Scale: 3487.4 0.157128 0.155988 0.159322 Add: 4709.1 0.174031 0.173283 0.174740 Triad: 4555.9 0.180451 0.179109 0.183238 Unixtime: 1400255589 
Copy: 4349.3 0.119608 0.117721 0.124684 Scale: 3300.5 0.156833 0.155130 0.158221 Add: 4457.5 0.173637 0.172294 0.174909 Triad: 4296.1 0.179669 0.178768 0.182414 Unixtime: 1400255617 
Copy: 4051.7 0.119877 0.118470 0.123147 Scale: 3097.1 0.156499 0.154985 0.159752 Add: 4175.3 0.174276 0.172444 0.180048 Triad: 4038.1 0.179696 0.178302 0.185510 Unixtime: 1400255646 
Copy: 3802.6 0.119260 0.117815 0.121891 Scale: 2889.2 0.155950 0.155060 0.157612 Add: 3886.4 0.173851 0.172912 0.174411 Triad: 3776.0 0.179084 0.177964 0.181342 Unixtime: 1400255673 
Copy: 3534.9 0.118923 0.117685 0.122205 Scale: 2687.7 0.156299 0.154781 0.158776 Add: 3623.3 0.173947 0.172221 0.176937 Triad: 3498.6 0.179841 0.178356 0.182498 Unixtime: 1400255699 
Copy: 3250.4 0.118923 0.118140 0.119816 Scale: 2470.9 0.158115 0.155411 0.163809 Add: 3328.7 0.174818 0.173040 0.179448 Triad: 3220.8 0.179939 0.178840 0.181919 Unixtime: 1400255724 
Copy: 2986.9 0.118931 0.117848 0.119948 Scale: 2269.5 0.156294 0.155100 0.157480 Add: 3061.1 0.173249 0.172487 0.174337 Triad: 2966.7 0.178940 0.177973 0.180506 Unixtime: 1400255749 
Copy: 2714.0 0.119073 0.117905 0.121438 Scale: 2055.5 0.156746 0.155678 0.158400 Add: 2775.1 0.173891 0.172964 0.175789 Triad: 2685.7 0.179948 0.178722 0.183633 Unixtime: 1400255773 
Copy: 2454.4 0.118712 0.117341 0.119612 Scale: 1858.1 0.156425 0.154997 0.159299 Add: 2508.8 0.173418 0.172192 0.174637 Triad: 2428.6 0.179088 0.177879 0.182248 Unixtime: 1400255796 
Copy: 2181.9 0.117925 0.117327 0.118463 Scale: 1663.3 0.154892 0.153914 0.156236 Add: 2242.2 0.172262 0.171264 0.173544 Triad: 2166.2 0.177877 0.177271 0.178679 Unixtime: 1400255818 
Copy: 1914.6 0.118428 0.116997 0.121599 Scale: 1450.4 0.155444 0.154436 0.158139 Add: 1957.0 0.172678 0.171688 0.175895 Triad: 1896.1 0.178476 0.177204 0.182892 Unixtime: 1400255840 
Copy: 1631.2 0.117877 0.117707 0.118146 Scale: 1242.0 0.155392 0.154595 0.156385 Add: 1673.7 0.172838 0.172075 0.174409 Triad: 1619.5 0.178910 0.177838 0.182827 Unixtime: 1400255862 
Copy: 1365.9 0.118097 0.117136 0.119433 Scale: 1038.7 0.155662 0.154043 0.161647 Add: 1396.2 0.173347 0.171895 0.178479 Triad: 1353.9 0.178242 0.177261 0.179511 Unixtime: 1400255885 
Copy: 1100.1 0.117048 0.116357 0.118175 Scale: 834.3 0.154240 0.153416 0.155251 Add: 1122.3 0.171928 0.171079 0.173203 Triad: 1087.9 0.177126 0.176483 0.178124 Unixtime: 1400255905 
Copy: 3651.6 0.167746 0.166504 0.169422 Scale: 3430.7 0.178390 0.177224 0.179182 Add: 4771.9 0.192077 0.191118 0.192889 Triad: 4640.1 0.197312 0.196549 0.198430 Unixtime: 1400255941 
Copy: 3442.5 0.167846 0.167322 0.168456 Scale: 3231.5 0.179468 0.178247 0.180958 Add: 4529.7 0.192827 0.190741 0.194741 Triad: 4369.8 0.198253 0.197721 0.198528 Unixtime: 1400256003 
Copy: 4581.1 0.120065 0.118750 0.122200 Scale: 3493.8 0.156714 0.155704 0.158899 Add: 4703.2 0.175389 0.173499 0.181185 Triad: 4566.1 0.179556 0.178709 0.180033 Unixtime: 1400256160 
Copy: 4353.1 0.119340 0.117618 0.124447 Scale: 3291.5 0.156359 0.155554 0.157139 Add: 4438.6 0.174870 0.173026 0.179331 Triad: 4303.0 0.179378 0.178481 0.180544 Unixtime: 1400256297 
Copy: 4062.1 0.118696 0.118167 0.119426 Scale: 3093.8 0.156037 0.155148 0.157462 Add: 4175.6 0.173856 0.172431 0.176142 Triad: 4039.1 0.178987 0.178256 0.180057 Unixtime: 1400256565 
Copy: 3797.9 0.119078 0.117959 0.121740 Scale: 2882.5 0.156079 0.155421 0.156818 Add: 3893.3 0.173389 0.172604 0.174660 Triad: 3769.0 0.179225 0.178296 0.180893 Unixtime: 1400256887 
Copy: 3535.9 0.118369 0.117649 0.119083 Scale: 2677.0 0.156069 0.155395 0.156725 Add: 3624.8 0.173603 0.172148 0.175636 Triad: 3505.1 0.179179 0.178028 0.180372 Unixtime: 1400256975 
Copy: 3244.2 0.119055 0.118365 0.119709 Scale: 2472.0 0.156548 0.155341 0.157767 Add: 3321.3 0.174765 0.173428 0.177777 Triad: 3231.5 0.179355 0.178247 0.181241 Unixtime: 1400257061 
Copy: 2981.8 0.118794 0.118050 0.119939 Scale: 2275.6 0.156252 0.154682 0.158876 Add: 3051.2 0.173548 0.173044 0.173943 Triad: 2962.3 0.179090 0.178238 0.180062 Unixtime: 1400257173 
Copy: 2705.6 0.119598 0.118273 0.123696 Scale: 2065.6 0.157057 0.154918 0.161897 Add: 2771.8 0.174762 0.173171 0.180414 Triad: 2693.6 0.179930 0.178198 0.183614 Unixtime: 1400257268 
Copy: 2452.6 0.118407 0.117427 0.119550 Scale: 1862.6 0.155698 0.154622 0.156975 Add: 2508.7 0.173241 0.172200 0.175806 Triad: 2428.4 0.178988 0.177898 0.181377 Unixtime: 1400257415 
Copy: 2189.1 0.118053 0.116942 0.118764 Scale: 1660.3 0.154996 0.154190 0.155721 Add: 2240.9 0.172456 0.171357 0.173543 Triad: 2167.4 0.178225 0.177168 0.179245 Unixtime: 1400257586 
Copy: 1912.4 0.117582 0.117131 0.118914 Scale: 1451.1 0.155312 0.154363 0.156468 Add: 1954.6 0.172812 0.171904 0.174613 Triad: 1895.8 0.177847 0.177230 0.179095 Unixtime: 1400257950 
Copy: 1634.2 0.118041 0.117487 0.119224 Scale: 1240.9 0.155058 0.154721 0.156171 Add: 1674.8 0.172497 0.171960 0.173890 Triad: 1620.6 0.178861 0.177709 0.180160 Unixtime: 1400258000 
Copy: 1363.3 0.118013 0.117365 0.119522 Scale: 1038.0 0.155120 0.154139 0.156759 Add: 1396.1 0.172699 0.171911 0.173974 Triad: 1353.5 0.178273 0.177319 0.179548 Unixtime: 1400258215 
Copy: 1097.6 0.117219 0.116621 0.118357 Scale: 834.8 0.154601 0.153333 0.155296 Add: 1123.6 0.171604 0.170885 0.172836 Triad: 1088.0 0.177681 0.176468 0.179097 Unixtime: 1400258413
