Copy: 3646.9 0.167554 0.166715 0.168802 Scale: 3429.7 0.178476 0.177275 0.178835 Add: 4765.5 0.192487 0.191376 0.195010 Triad: 4642.2 0.197354 0.196459 0.198346 Unixtime: 1400252723 
Copy: 3444.9 0.168115 0.167206 0.170352 Scale: 3226.7 0.179088 0.178508 0.180010 Add: 4504.4 0.192423 0.191813 0.193013 Triad: 4389.5 0.197756 0.196832 0.199027 Unixtime: 1400252757 
Copy: 4575.5 0.119749 0.118895 0.120388 Scale: 3490.9 0.156577 0.155833 0.157183 Add: 4688.1 0.175696 0.174059 0.177808 Triad: 4566.4 0.181150 0.178695 0.183922 Unixtime: 1400252785 
Copy: 4353.5 0.120168 0.117606 0.123230 Scale: 3307.5 0.156744 0.154801 0.160391 Add: 4459.2 0.173766 0.172229 0.174998 Triad: 4294.6 0.180084 0.178829 0.182972 Unixtime: 1400252813 
Copy: 4062.7 0.118948 0.118149 0.120591 Scale: 3093.0 0.156076 0.155189 0.157290 Add: 4178.7 0.174282 0.172304 0.177077 Triad: 4029.3 0.180048 0.178693 0.183304 Unixtime: 1400252841 
Copy: 3800.2 0.118619 0.117887 0.119220 Scale: 2889.9 0.156285 0.155022 0.159068 Add: 3900.0 0.173676 0.172306 0.177263 Triad: 3768.9 0.179368 0.178300 0.180368 Unixtime: 1400252869 
Copy: 3531.4 0.118346 0.117801 0.119133 Scale: 2683.5 0.155744 0.155019 0.157890 Add: 3629.8 0.172950 0.171911 0.174520 Triad: 3515.5 0.178709 0.177501 0.179895 Unixtime: 1400252898 
Copy: 3244.6 0.119438 0.118351 0.122409 Scale: 2473.8 0.156505 0.155228 0.158724 Add: 3331.2 0.174382 0.172912 0.176720 Triad: 3212.4 0.180493 0.179307 0.182352 Unixtime: 1400252925 
Copy: 2982.4 0.119493 0.118024 0.123421 Scale: 2275.2 0.156539 0.154713 0.159668 Add: 3063.1 0.173198 0.172373 0.174540 Triad: 2963.4 0.180280 0.178172 0.184043 Unixtime: 1400252949 
Copy: 2693.2 0.120698 0.118816 0.125267 Scale: 2054.4 0.156358 0.155764 0.157633 Add: 2773.4 0.174030 0.173070 0.175454 Triad: 2689.4 0.179741 0.178478 0.182466 Unixtime: 1400252973 
Copy: 2447.7 0.118347 0.117664 0.119628 Scale: 1862.3 0.155645 0.154648 0.156444 Add: 2507.0 0.173414 0.172317 0.176169 Triad: 2428.4 0.179058 0.177895 0.180195 Unixtime: 1400252995 
Copy: 2187.5 0.118130 0.117031 0.122929 Scale: 1660.7 0.154893 0.154156 0.155723 Add: 2244.0 0.172746 0.171126 0.177314 Triad: 2171.7 0.178862 0.176822 0.181594 Unixtime: 1400253018 
Copy: 1912.2 0.117580 0.117142 0.118725 Scale: 1452.0 0.155050 0.154265 0.156282 Add: 1959.3 0.172113 0.171488 0.173978 Triad: 1893.8 0.178275 0.177419 0.179569 Unixtime: 1400253045 
Copy: 1637.5 0.119493 0.117250 0.125271 Scale: 1241.2 0.155261 0.154693 0.156250 Add: 1673.3 0.173406 0.172115 0.176728 Triad: 1621.2 0.179127 0.177642 0.183341 Unixtime: 1400253066 
Copy: 1363.8 0.118207 0.117319 0.119258 Scale: 1036.6 0.155260 0.154350 0.156315 Add: 1394.9 0.172770 0.172051 0.173392 Triad: 1354.0 0.177941 0.177253 0.178977 Unixtime: 1400253089 
Copy: 1098.5 0.117009 0.116521 0.117879 Scale: 833.7 0.154526 0.153525 0.155441 Add: 1123.3 0.171456 0.170926 0.172548 Triad: 1086.5 0.177890 0.176722 0.179144 Unixtime: 1400253109 
Copy: 3647.5 0.168227 0.166691 0.174163 Scale: 3423.0 0.178581 0.177621 0.180185 Add: 4769.7 0.192297 0.191205 0.193516 Triad: 4639.3 0.197661 0.196583 0.198827 Unixtime: 1400253143 
Copy: 3446.5 0.167847 0.167128 0.168631 Scale: 3228.1 0.179193 0.178434 0.180680 Add: 4511.7 0.193469 0.191501 0.198213 Triad: 4398.0 0.197432 0.196453 0.198251 Unixtime: 1400253211 
Copy: 4576.7 0.121320 0.118863 0.123737 Scale: 3495.6 0.156544 0.155625 0.157364 Add: 4706.4 0.175051 0.173379 0.179277 Triad: 4547.6 0.180725 0.179435 0.181934 Unixtime: 1400253260 
Copy: 4330.5 0.119594 0.118231 0.121026 Scale: 3296.1 0.156455 0.155336 0.157853 Add: 4431.5 0.174235 0.173305 0.176648 Triad: 4313.2 0.180661 0.178056 0.183306 Unixtime: 1400253357 
Copy: 4057.9 0.119698 0.118289 0.123694 Scale: 3089.0 0.155874 0.155390 0.156871 Add: 4169.9 0.173601 0.172664 0.175373 Triad: 4040.6 0.178925 0.178193 0.179875 Unixtime: 1400253458 
Copy: 3797.3 0.119266 0.117980 0.122771 Scale: 2886.7 0.157099 0.155195 0.161149 Add: 3889.5 0.174131 0.172771 0.179277 Triad: 3766.6 0.179807 0.178409 0.186844 Unixtime: 1400253550 
Copy: 3541.7 0.118564 0.117457 0.119378 Scale: 2692.2 0.155751 0.154519 0.156734 Add: 3618.9 0.173191 0.172430 0.176125 Triad: 3514.7 0.178953 0.177538 0.181594 Unixtime: 1400253645 
Copy: 3237.6 0.119427 0.118607 0.120747 Scale: 2466.2 0.156149 0.155703 0.156712 Add: 3333.2 0.174224 0.172808 0.175483 Triad: 3224.7 0.179708 0.178622 0.181383 Unixtime: 1400253812 
Copy: 2993.7 0.118571 0.117581 0.120046 Scale: 2270.0 0.155626 0.155065 0.156671 Add: 3055.6 0.173855 0.172797 0.175300 Triad: 2960.1 0.179584 0.178375 0.181615 Unixtime: 1400253949 
Copy: 2694.6 0.119770 0.118758 0.122496 Scale: 2059.8 0.156483 0.155357 0.158086 Add: 2774.3 0.173916 0.173018 0.174712 Triad: 2699.2 0.179118 0.177830 0.179990 Unixtime: 1400254082 
Copy: 2440.3 0.118860 0.118018 0.119508 Scale: 1859.8 0.155718 0.154856 0.156839 Add: 2508.9 0.173764 0.172189 0.176265 Triad: 2422.9 0.179359 0.178302 0.181170 Unixtime: 1400254231 
Copy: 2186.0 0.117707 0.117107 0.118673 Scale: 1663.7 0.155456 0.153877 0.158144 Add: 2243.1 0.172535 0.171188 0.174407 Triad: 2171.4 0.177687 0.176848 0.178595 Unixtime: 1400254375 
Copy: 1908.7 0.117752 0.117355 0.118777 Scale: 1450.6 0.155083 0.154416 0.156991 Add: 1955.5 0.172317 0.171820 0.173837 Triad: 1897.8 0.177979 0.177044 0.179077 Unixtime: 1400254533 
Copy: 1633.9 0.118175 0.117507 0.119362 Scale: 1243.0 0.155503 0.154469 0.157308 Add: 1672.4 0.172704 0.172206 0.173963 Triad: 1620.0 0.178584 0.177782 0.179334 Unixtime: 1400254591 
Copy: 1365.9 0.117890 0.117141 0.119396 Scale: 1037.0 0.155137 0.154285 0.156301 Add: 1396.5 0.173032 0.171864 0.174320 Triad: 1351.3 0.178248 0.177606 0.179712 Unixtime: 1400254678 
Copy: 1098.7 0.117412 0.116497 0.118595 Scale: 833.6 0.154153 0.153553 0.155078 Add: 1123.7 0.171402 0.170861 0.172438 Triad: 1084.4 0.177698 0.177064 0.178606 Unixtime: 1400254741
