Copy: 3645.3 0.167525 0.166789 0.169004 Scale: 3417.2 0.178484 0.177922 0.179420 Add: 4763.4 0.192708 0.191459 0.193918 Triad: 4631.5 0.197814 0.196912 0.199263 Unixtime: 1399890591 
Copy: 4842.9 0.121149 0.118937 0.123980 Scale: 3666.7 0.158019 0.157089 0.161074 Add: 4976.2 0.174511 0.173627 0.176200 Triad: 4835.9 0.179670 0.178664 0.181745 Unixtime: 1399890625 
Copy: 4596.5 0.119905 0.118351 0.123988 Scale: 3492.2 0.158117 0.155775 0.164022 Add: 4702.7 0.175709 0.173518 0.178410 Triad: 4564.2 0.180076 0.178782 0.181656 Unixtime: 1399890653 
Copy: 4321.6 0.119357 0.118476 0.121105 Scale: 3290.4 0.156336 0.155604 0.157466 Add: 4418.1 0.175211 0.173831 0.178607 Triad: 4309.1 0.179719 0.178228 0.182635 Unixtime: 1399890681 
Copy: 4068.7 0.119378 0.117974 0.122084 Scale: 3100.5 0.155832 0.154816 0.157402 Add: 4173.1 0.173414 0.172535 0.174671 Triad: 4030.6 0.180030 0.178633 0.183589 Unixtime: 1399890707 
Copy: 3782.6 0.119502 0.118437 0.122159 Scale: 2884.9 0.156260 0.155292 0.157408 Add: 3898.0 0.173213 0.172395 0.173884 Triad: 3780.3 0.179536 0.177764 0.181717 Unixtime: 1399890736 
Copy: 3541.3 0.118852 0.117472 0.119523 Scale: 2682.8 0.156166 0.155060 0.160031 Add: 3608.9 0.174118 0.172905 0.175847 Triad: 3504.6 0.178980 0.178051 0.181598 Unixtime: 1399890761 
Copy: 3245.5 0.120067 0.118316 0.122523 Scale: 2470.3 0.157841 0.155444 0.161175 Add: 3333.4 0.175410 0.172797 0.180774 Triad: 3245.2 0.180854 0.177491 0.185080 Unixtime: 1399890786 
Copy: 2984.2 0.118918 0.117954 0.120206 Scale: 2275.6 0.156936 0.154683 0.159516 Add: 3066.7 0.173276 0.172172 0.175344 Triad: 2960.4 0.178975 0.178353 0.179736 Unixtime: 1399890809 
Copy: 2730.4 0.118709 0.117199 0.119993 Scale: 2066.3 0.156377 0.154865 0.158164 Add: 2786.1 0.173253 0.172286 0.175534 Triad: 2703.2 0.178753 0.177569 0.179944 Unixtime: 1399890833 
Copy: 2448.1 0.119093 0.117643 0.122210 Scale: 1864.0 0.155681 0.154503 0.157584 Add: 2513.3 0.173943 0.171888 0.177380 Triad: 2429.2 0.179372 0.177838 0.182783 Unixtime: 1399890855 
Copy: 2175.9 0.118442 0.117652 0.119893 Scale: 1657.2 0.155855 0.154475 0.158994 Add: 2240.8 0.172733 0.171366 0.174318 Triad: 2162.1 0.179004 0.177604 0.182863 Unixtime: 1399890878 
Copy: 1908.2 0.117955 0.117386 0.119876 Scale: 1453.3 0.154923 0.154131 0.156740 Add: 1963.0 0.171976 0.171165 0.173357 Triad: 1899.0 0.178142 0.176932 0.179886 Unixtime: 1399890900 
Copy: 1636.7 0.117926 0.117312 0.119650 Scale: 1242.0 0.155862 0.154586 0.159945 Add: 1682.6 0.172584 0.171165 0.174239 Triad: 1621.4 0.178478 0.177629 0.180009 Unixtime: 1399890920 
Copy: 1369.5 0.117901 0.116833 0.119524 Scale: 1040.6 0.155135 0.153756 0.156725 Add: 1403.3 0.172459 0.171020 0.174176 Triad: 1355.7 0.178052 0.177033 0.179524 Unixtime: 1399890941 
Copy: 1094.7 0.117524 0.116932 0.119166 Scale: 831.6 0.154960 0.153918 0.156540 Add: 1119.8 0.171989 0.171452 0.173462 Triad: 1085.1 0.177714 0.176940 0.179458 Unixtime: 1399890961 
Copy: 3648.1 0.167795 0.166661 0.170492 Scale: 3414.3 0.178981 0.178074 0.181962 Add: 4752.6 0.192559 0.191893 0.193422 Triad: 4629.7 0.197493 0.196991 0.198367 Unixtime: 1399890996 
Copy: 4855.9 0.119615 0.118618 0.121018 Scale: 3699.0 0.156702 0.155717 0.157627 Add: 4989.0 0.174212 0.173180 0.175634 Triad: 4830.7 0.180438 0.178855 0.186675 Unixtime: 1399891796 
Copy: 4596.0 0.119902 0.118363 0.122596 Scale: 3484.5 0.157388 0.156118 0.160159 Add: 4710.0 0.174863 0.173247 0.179397 Triad: 4561.0 0.180148 0.178909 0.181171 Unixtime: 1399891894 
Copy: 4329.3 0.119115 0.118265 0.120368 Scale: 3294.0 0.156234 0.155435 0.157294 Add: 4442.8 0.174146 0.172865 0.175941 Triad: 4316.3 0.179807 0.177932 0.182611 Unixtime: 1399891950 
Copy: 4080.5 0.118764 0.117633 0.119457 Scale: 3097.4 0.156131 0.154968 0.157691 Add: 4173.0 0.173470 0.172539 0.174023 Triad: 4042.9 0.179232 0.178089 0.180474 Unixtime: 1399892154 
Copy: 3788.1 0.119021 0.118264 0.119733 Scale: 2892.4 0.156275 0.154887 0.157903 Add: 3894.7 0.173386 0.172543 0.174588 Triad: 3774.6 0.179390 0.178033 0.181274 Unixtime: 1399892259 
Copy: 3543.1 0.119040 0.117410 0.123840 Scale: 2679.6 0.157087 0.155249 0.162654 Add: 3616.4 0.174274 0.172546 0.180037 Triad: 3491.6 0.179293 0.178714 0.180750 Unixtime: 1399892526 
Copy: 3245.8 0.119882 0.118308 0.124348 Scale: 2482.8 0.157354 0.154665 0.161683 Add: 3335.1 0.174777 0.172710 0.180889 Triad: 3226.8 0.179991 0.178506 0.183536 Unixtime: 1399892947 
Copy: 2984.6 0.118903 0.117940 0.120216 Scale: 2283.0 0.155830 0.154184 0.156565 Add: 3057.7 0.173538 0.172679 0.174804 Triad: 2969.9 0.179299 0.177781 0.180695 Unixtime: 1399893103 
Copy: 2728.2 0.118301 0.117292 0.119141 Scale: 2066.0 0.155947 0.154892 0.156926 Add: 2784.9 0.172978 0.172356 0.174121 Triad: 2692.8 0.178877 0.178250 0.179500 Unixtime: 1399893357 
Copy: 2454.9 0.118740 0.117316 0.120419 Scale: 1861.0 0.155483 0.154752 0.156181 Add: 2504.3 0.172925 0.172502 0.173623 Triad: 2435.5 0.178945 0.177376 0.179757 Unixtime: 1399893589 
Copy: 2186.9 0.119060 0.117059 0.121837 Scale: 1657.0 0.155197 0.154493 0.156723 Add: 2231.9 0.172855 0.172054 0.174834 Triad: 2164.7 0.178728 0.177395 0.181524 Unixtime: 1399893924 
Copy: 1914.0 0.117829 0.117030 0.119159 Scale: 1456.7 0.154817 0.153770 0.157438 Add: 1964.2 0.172192 0.171065 0.173491 Triad: 1899.3 0.177644 0.176909 0.178744 Unixtime: 1399893971 
Copy: 1639.3 0.118907 0.117125 0.123536 Scale: 1242.0 0.155644 0.154584 0.159615 Add: 1677.3 0.173558 0.171705 0.180186 Triad: 1621.4 0.178858 0.177626 0.183204 Unixtime: 1399894030 
Copy: 1370.5 0.117943 0.116747 0.119599 Scale: 1037.3 0.154745 0.154252 0.155242 Add: 1401.5 0.172260 0.171243 0.173081 Triad: 1354.9 0.178301 0.177131 0.179098 Unixtime: 1399894080 
Copy: 1096.6 0.117447 0.116727 0.118962 Scale: 831.4 0.154692 0.153956 0.156060 Add: 1119.8 0.172349 0.171452 0.173498 Triad: 1084.9 0.177681 0.176978 0.178636 Unixtime: 1399894130
