109.324694 20.000
110.195875 19.980
110.625029 19.960
110.672235 19.940
110.745192 19.920
112.272978 19.900
113.204241 19.880
112.687111 19.860
112.95104 19.840
114.682674 19.820
114.347935 19.800
113.386631 19.780
114.568949 19.760
112.631321 19.740
112.590551 19.720
113.307238 19.700
113.290071 19.680
113.335133 19.660
112.929583 19.640
112.725735 19.620
113.302946 19.600
113.142014 19.580
113.146305 19.560
113.998175 19.540
113.204241 19.520
112.680674 19.500
113.320112 19.480
113.395214 19.460
113.328695 19.440
113.287926 19.420
113.262177 19.400
112.734318 19.380
112.543344 19.360
113.197803 19.340
113.060474 19.320
112.633467 19.300
113.352299 19.280
113.414526 19.260
113.277197 19.240
113.240719 19.220
112.918854 19.200
112.715006 19.180
112.852335 19.160
113.448858 19.140
113.343716 19.120
113.307238 19.100
113.3008 19.080
112.813711 19.060
112.669945 19.040
113.367319 19.020
113.307238 19.000
113.317966 18.980
113.307238 18.960
113.240719 18.940
112.672091 18.920
113.272905 18.900
113.388777 18.880
113.335133 18.860
113.410234 18.840
113.390923 18.820
112.702131 18.800
112.723589 18.780
113.253593 18.760
113.281488 18.740
113.21497 18.720
113.339424 18.700
112.873793 18.680
112.682819 18.660
113.393068 18.640
113.350153 18.620
113.35659 18.600
113.354445 18.580
113.369465 18.560
112.732172 18.540
113.332987 18.520
113.420963 18.500
113.373756 18.480
113.360882 18.460
113.393068 18.440
112.981081 18.420
112.736464 18.400
113.180637 18.380
113.28578 18.360
113.399506 18.340
113.275051 18.320
112.837315 18.300
112.682819 18.280
113.358736 18.260
113.296509 18.240
113.294363 18.220
113.283634 18.200
113.069057 18.180
112.654924 18.160
113.302946 18.140
113.41238 18.120
113.322258 18.100
113.444567 18.080
113.378048 18.060
113.28578 18.040
112.757921 18.020
113.268614 18.000
113.257885 17.980
113.206387 17.960
113.315821 17.940
113.017559 17.920
112.672091 17.900
113.315821 17.880
113.431692 17.860
113.369465 17.840
113.290071 17.820
113.242865 17.800
112.581968 17.780
113.099098 17.760
113.315821 17.740
113.375902 17.720
113.317966 17.700
113.459587 17.680
112.802982 17.660
112.680674 17.640
113.343716 17.620
113.375902 17.600
113.408089 17.580
113.328695 17.560
113.075495 17.540
112.569094 17.520
113.339424 17.500
113.472462 17.480
113.395214 17.460
113.332987 17.440
113.324404 17.420
112.693548 17.400
113.028288 17.380
113.320112 17.360
113.34157 17.340
113.279343 17.320
113.255739 17.300
112.693548 17.280
112.708569 17.260
113.373756 17.240
113.290071 17.220
113.367319 17.200
113.363028 17.180
113.116264 17.160
112.631321 17.140
113.287926 17.120
113.223553 17.100
113.172054 17.080
113.365173 17.060
113.330841 17.040
112.740755 17.020
113.251448 17.000
113.262177 16.980
113.28578 16.960
113.247156 16.940
113.182783 16.920
112.566948 16.900
112.644196 16.880
113.255739 16.860
113.311529 16.840
113.290071 16.820
113.337278 16.800
112.953186 16.780
112.539053 16.760
113.131285 16.740
113.199949 16.720
113.169909 16.700
113.232136 16.680
113.249302 16.660
112.910271 16.640
113.21497 16.620
113.167763 16.600
113.109827 16.580
113.034725 16.560
113.039017 16.540
112.498283 16.520
112.300873 16.500
112.860918 16.480
112.886667 16.460
112.826586 16.440
112.633467 16.420
111.921072 16.400
111.521959 16.380
111.547709 16.360
111.48119 16.340
111.564875 16.320
111.560583 16.300
111.599207 16.280
110.646486 16.260
108.906269 16.240
109.208822 16.220
109.105825 16.200
108.947039 16.180
108.462095 16.160
108.811855 16.140
109.150887 16.120
110.468388 16.000
110.086441 15.941
111.882448 15.882
111.526251 15.823
110.191584 15.764
111.397505 15.705
111.706495 15.646
110.633612 15.587
110.640049 15.528
110.114336 15.469
110.092878 15.410
110.369682 15.351
110.504866 15.292
110.530615 15.233
110.552073 15.174
110.55851 15.115
110.118628 15.056
110.245228 14.997
110.642195 14.938
110.579967 14.879
110.507011 14.820
110.507011 14.761
110.386848 14.702
109.977007 14.643
110.622883 14.584
110.625029 14.525
110.588551 14.466
110.545635 14.407
110.180855 14.348
109.884739 14.289
110.569239 14.230
110.552073 14.171
110.594988 14.112
110.625029 14.053
110.40616 13.994
109.979153 13.935
110.78167 13.876
110.67009 13.817
110.547781 13.758
110.603571 13.699
110.567093 13.640
110.22377 13.581
110.421181 13.522
110.652924 13.463
110.655069 13.404
110.607862 13.345
110.665798 13.286
110.08215 13.227
109.983444 13.168
110.618591 13.109
110.646486 13.050
110.67009 12.991
110.702276 12.932
110.062838 12.873
109.987736 12.814
110.582113 12.755
110.6143 12.696
110.599279 12.637
110.545635 12.578
110.519886 12.519
109.968424 12.460
110.303164 12.401
110.758066 12.342
110.650778 12.283
110.618591 12.224
110.625029 12.165
110.44693 12.106
110.022068 12.047
110.625029 11.988
110.592842 11.929
110.603571 11.870
110.635757 11.811
110.367537 11.752
109.998465 11.693
110.650778 11.634
110.599279 11.575
110.610008 11.516
110.554218 11.457
110.322475 11.398
110.086441 11.339
110.090733 11.280
110.560656 11.221
110.543489 11.162
110.539198 11.103
110.569239 11.044
110.386848 10.985
109.912634 10.926
110.594988 10.867
110.7409 10.808
110.571384 10.749
110.625029 10.690
110.584259 10.631
109.983444 10.572
110.586405 10.513
110.594988 10.454
110.55851 10.395
110.513449 10.336
110.436201 10.277
109.833241 10.218
110.511303 10.159
110.616446 10.100
110.70013 10.041
110.610008 9.982
110.532761 9.923
110.067129 9.864
110.281706 9.805
110.511303 9.746
110.528469 9.687
110.543489 9.628
110.532761 9.569
110.498428 9.510
109.863281 9.451
110.472679 9.392
110.401869 9.333
110.470533 9.274
110.6143 9.215
110.361099 9.156
109.773159 9.097
110.27956 9.038
110.215187 8.979
110.067129 8.920
109.923363 8.861
109.633684 8.802
108.974934 8.743
109.442711 8.684
109.919071 8.625
108.848333 8.566
109.331131 8.507
108.882666 8.448
108.552217 8.389
109.032869 8.330
109.294653 8.271
109.275341 8.212
108.882666 8.000
108.848333 7.937
108.625174 7.874
108.017921 7.811
108.949184 7.748
108.537197 7.685
108.53076 7.622
108.217478 7.559
108.565092 7.496
109.526396 7.433
110.125065 7.370
110.20875 7.307
108.620882 7.244
108.605862 7.181
108.369827 7.118
107.964277 7.055
108.556509 6.992
108.487844 6.929
108.532906 6.866
108.58655 6.803
108.565092 6.740
107.981443 6.677
108.61659 6.614
108.623028 6.551
108.584404 6.488
108.485699 6.425
108.408451 6.362
107.99861 6.299
107.910633 6.236
108.547926 6.173
108.54578 6.110
108.537197 6.047
108.487844 5.984
107.970715 5.921
107.899904 5.858
108.517885 5.795
108.620882 5.732
108.575821 5.669
108.620882 5.606
108.522177 5.543
107.914925 5.480
108.511448 5.417
108.472824 5.354
108.485699 5.291
108.485699 5.228
108.522177 5.165
107.985735 5.102
108.505011 5.039
108.53076 4.976
108.565092 4.913
108.487844 4.850
108.541489 4.787
107.816219 4.724
107.891321 4.661
108.788252 4.598
109.369755 4.535
107.876301 4.472
109.296799 4.409
107.414961 4.346
107.123137 4.283
107.777596 4.220
107.726097 4.157
107.726097 4.000
