1401801748 107.764721
1401801750 107.698202
1401801752 107.178926
1401801754 107.738972
1401801757 107.764721
1401801759 107.751846
1401801761 107.769012
1401801764 107.569456
1401801766 107.365608
1401801768 107.114553
1401801770 107.751846
1401801773 107.786179
1401801775 107.824802
1401801777 107.824802
1401801779 107.462168
1401801782 107.114553
1401801784 107.792616
1401801786 107.784033
1401801789 107.79047
1401801791 107.86128
1401801793 107.801199
1401801795 107.120991
1401801798 107.77545
1401801800 107.801199
1401801802 107.749701
1401801805 107.743263
1401801807 107.715368
1401801809 107.16176
1401801811 108.507156
1401801814 107.732534
1401801816 107.792616
1401801818 108.605862
1401801821 108.854771
1401801823 108.949184
1401801825 108.723879
1401801827 110.086441
1401801830 110.240936
1401801832 109.307528
1401801834 109.451294
1401801836 109.324694
1401801839 110.195875
1401801841 110.625029
1401801843 110.672235
1401801846 110.745192
1401801848 112.272978
1401801850 113.204241
1401801852 112.687111
1401801855 112.95104
1401801857 114.682674
1401801859 114.347935
1401801862 113.386631
1401801864 114.568949
1401801866 112.631321
1401801868 112.590551
1401801873 113.307238
1401801876 113.290071
1401801878 113.335133
1401801880 112.929583
1401801882 112.725735
1401801885 113.302946
1401801887 113.142014
1401801889 113.146305
1401801892 113.998175
1401801894 113.204241
1401801896 112.680674
1401801898 113.320112
1401801901 113.395214
1401801903 113.328695
1401801905 113.287926
1401801908 113.262177
1401801910 112.734318
1401801912 112.543344
1401801914 113.197803
1401801917 113.060474
1401801919 112.633467
1401801921 113.352299
1401801924 113.414526
1401801926 113.277197
1401801928 113.240719
1401801931 112.918854
1401801933 112.715006
1401801935 112.852335
1401801937 113.448858
1401801940 113.343716
1401801942 113.307238
1401801944 113.3008
1401801946 112.813711
1401801949 112.669945
1401801951 113.367319
1401801953 113.307238
1401801955 113.317966
1401801958 113.307238
1401801960 113.240719
1401801962 112.672091
1401801965 113.272905
1401801967 113.388777
1401801969 113.335133
1401801971 113.410234
1401801973 113.390923
1401801976 112.702131
1401801978 112.723589
1401801980 113.253593
1401801983 113.281488
1401801985 113.21497
1401801987 113.339424
1401801989 112.873793
1401801992 112.682819
1401801994 113.393068
1401801996 113.350153
1401801999 113.35659
1401802001 113.354445
1401802003 113.369465
1401802005 112.732172
1401802007 113.332987
1401802010 113.420963
1401802012 113.373756
1401802015 113.360882
1401802017 113.393068
1401802019 112.981081
1401802021 112.736464
1401802023 113.180637
1401802026 113.28578
1401802028 113.399506
1401802030 113.275051
1401802033 112.837315
1401802035 112.682819
1401802037 113.358736
1401802039 113.296509
1401802041 113.294363
1401802044 113.283634
1401802046 113.069057
1401802048 112.654924
1401802051 113.302946
1401802053 113.41238
1401802055 113.322258
1401802057 113.444567
1401802059 113.378048
1401802062 113.28578
1401802064 112.757921
1401802067 113.268614
1401802069 113.257885
1401802071 113.206387
1401802073 113.315821
1401802075 113.017559
1401802078 112.672091
1401802080 113.315821
1401802082 113.431692
1401802085 113.369465
1401802087 113.290071
1401802089 113.242865
1401802091 112.581968
1401802093 113.099098
1401802096 113.315821
1401802098 113.375902
1401802101 113.317966
1401802103 113.459587
1401802105 112.802982
1401802107 112.680674
1401802109 113.343716
1401802112 113.375902
1401802114 113.408089
1401802116 113.328695
1401802119 113.075495
1401802121 112.569094
1401802123 113.339424
1401802125 113.472462
1401802128 113.395214
1401802130 113.332987
1401802132 113.324404
1401802135 112.693548
1401802137 113.028288
1401802139 113.320112
1401802141 113.34157
1401802144 113.279343
1401802146 113.255739
1401802148 112.693548
1401802151 112.708569
1401802153 113.373756
1401802155 113.290071
1401802157 113.367319
1401802160 113.363028
1401802162 113.116264
1401802164 112.631321
1401802167 113.287926
1401802169 113.223553
1401802171 113.172054
1401802173 113.365173
1401802176 113.330841
1401802178 112.740755
1401802180 113.251448
1401802183 113.262177
1401802185 113.28578
1401802187 113.247156
1401802189 113.182783
1401802192 112.566948
1401802194 112.644196
1401802196 113.255739
1401802199 113.311529
1401802201 113.290071
1401802203 113.337278
1401802205 112.953186
1401802207 112.539053
1401802210 113.131285
1401802212 113.199949
1401802214 113.169909
1401802217 113.232136
1401802219 113.249302
1401802221 112.910271
1401802223 113.21497
1401802226 113.167763
1401802228 113.109827
1401802231 113.034725
1401802233 113.039017
1401802235 112.498283
1401802237 112.300873
1401802239 112.860918
1401802242 112.886667
1401802244 112.826586
1401802246 112.633467
1401802249 111.921072
1401802251 111.521959
1401802253 111.547709
1401802255 111.48119
1401802258 111.564875
1401802260 111.560583
1401802262 111.599207
1401802265 110.646486
1401802267 108.906269
1401802269 109.208822
1401802271 109.105825
1401802274 108.947039
1401802276 108.462095
1401802278 108.811855
1401802281 109.150887
1401802283 110.468388
1401802285 110.086441
1401802287 111.882448
1401802290 111.526251
1401802292 110.191584
1401802294 111.397505
1401802297 111.706495
1401802299 110.633612
1401802301 110.640049
1401802303 110.114336
1401802306 110.092878
1401802308 110.369682
1401802310 110.504866
1401802312 110.530615
1401802315 110.552073
1401802317 110.55851
1401802319 110.118628
1401802322 110.245228
1401802324 110.642195
1401802326 110.579967
1401802328 110.507011
1401802331 110.507011
1401802333 110.386848
1401802335 109.977007
1401802338 110.622883
1401802340 110.625029
1401802342 110.588551
1401802345 110.545635
1401802347 110.180855
1401802349 109.884739
1401802351 110.569239
1401802354 110.552073
1401802356 110.594988
1401802358 110.625029
1401802361 110.40616
1401802364 109.979153
1401802366 110.78167
1401802368 110.67009
1401802370 110.547781
1401802372 110.603571
1401802375 110.567093
1401802377 110.22377
1401802379 110.421181
1401802382 110.652924
1401802384 110.655069
1401802386 110.607862
1401802388 110.665798
1401802391 110.08215
1401802393 109.983444
1401802395 110.618591
1401802398 110.646486
1401802400 110.67009
1401802402 110.702276
1401802404 110.062838
1401802407 109.987736
1401802409 110.582113
1401802411 110.6143
1401802414 110.599279
1401802416 110.545635
1401802418 110.519886
1401802420 109.968424
1401802423 110.303164
1401802425 110.758066
1401802427 110.650778
1401802430 110.618591
1401802432 110.625029
1401802434 110.44693
1401802436 110.022068
1401802439 110.625029
1401802441 110.592842
1401802443 110.603571
1401802446 110.635757
1401802448 110.367537
1401802450 109.998465
1401802452 110.650778
1401802455 110.599279
1401802457 110.610008
1401802459 110.554218
1401802462 110.322475
1401802464 110.086441
1401802466 110.090733
1401802468 110.560656
1401802471 110.543489
1401802473 110.539198
1401802475 110.569239
1401802478 110.386848
1401802480 109.912634
1401802482 110.594988
1401802484 110.7409
1401802487 110.571384
1401802489 110.625029
1401802491 110.584259
1401802494 109.983444
1401802496 110.586405
1401802498 110.594988
1401802500 110.55851
1401802503 110.513449
1401802505 110.436201
1401802507 109.833241
1401802510 110.511303
1401802512 110.616446
1401802514 110.70013
1401802516 110.610008
1401802519 110.532761
1401802521 110.067129
1401802523 110.281706
1401802526 110.511303
1401802528 110.528469
1401802530 110.543489
1401802532 110.532761
1401802535 110.498428
1401802537 109.863281
1401802539 110.472679
1401802542 110.401869
1401802544 110.470533
1401802546 110.6143
1401802548 110.361099
1401802551 109.773159
1401802553 110.27956
1401802555 110.215187
1401802558 110.067129
1401802560 109.923363
1401802562 109.633684
1401802564 108.974934
1401802567 109.442711
1401802569 109.919071
1401802571 108.848333
1401802574 109.331131
1401802576 108.882666
1401802578 108.552217
1401802580 109.032869
1401802583 109.294653
1401802585 109.275341
1401802587 108.882666
1401802590 108.848333
1401802592 108.625174
1401802594 108.017921
1401802596 108.949184
1401802599 108.537197
1401802601 108.53076
1401802603 108.217478
1401802606 108.565092
1401802608 109.526396
1401802610 110.125065
1401802612 110.20875
1401802615 108.620882
1401802617 108.605862
1401802619 108.369827
1401802622 107.964277
1401802624 108.556509
1401802626 108.487844
1401802628 108.532906
1401802631 108.58655
1401802633 108.565092
1401802635 107.981443
1401802637 108.61659
1401802640 108.623028
1401802642 108.584404
1401802644 108.485699
1401802647 108.408451
1401802649 107.99861
1401802651 107.910633
1401802653 108.547926
1401802655 108.54578
1401802658 108.537197
1401802660 108.487844
1401802662 107.970715
1401802665 107.899904
1401802667 108.517885
1401802669 108.620882
1401802671 108.575821
1401802674 108.620882
1401802676 108.522177
1401802679 107.914925
1401802681 108.511448
1401802683 108.472824
1401802685 108.485699
1401802687 108.485699
1401802690 108.522177
1401802692 107.985735
1401802695 108.505011
1401802697 108.53076
1401802699 108.565092
1401802701 108.487844
1401802703 108.541489
1401802706 107.816219
1401802708 107.891321
1401802711 108.788252
1401802713 109.369755
1401802715 107.876301
1401802717 109.296799
1401802719 107.414961
1401802722 107.123137
1401802724 107.777596
1401802727 107.726097
1401802729 107.769012
1401802731 107.668161
1401802733 107.736826
1401802735 106.996536
1401802738 107.485771
1401802740 107.723951
1401802742 107.80549
1401802745 107.80549
1401802747 108.329058
1401802749 107.487917
1401802751 107.196093
1401802754 107.674599
1401802756 107.687473
1401802758 107.77545
1401802761 107.743263
1401802763 107.3699
1401802765 107.017994
1401802768 107.614517
1401802771 107.631683
1401802773 107.71966
1401802775 107.79047
1401802777 107.361317
1401802780 107.095242
