1401719946 100.692272
1401719948 101.58062
1401719950 101.533413
1401719952 101.546288
1401719954 101.529121
1401719957 101.084948
1401719959 101.400375
1401719961 101.114988
1401719964 101.443291
1401719966 101.447582
1401719968 101.572037
1401719970 101.462603
1401719973 101.552725
1401719975 100.760937
1401719977 101.664305
1401719980 101.681471
1401719982 102.992535
1401719984 102.561235
1401719986 102.647066
1401719989 101.544142
1401719991 103.318691
1401719993 103.029013
1401719995 104.264975
1401719998 104.033232
1401720000 105.694056
1401720002 100.696564
1401720005 101.477623
1401720007 101.494789
1401720009 102.39172
1401720011 101.471186
1401720014 101.619244
1401720016 100.868225
1401720018 100.814581
1401720021 101.443291
1401720023 101.677179
1401720025 101.750135
1401720027 101.52483
1401720030 101.303816
1401720032 100.662231
1401720034 101.464748
1401720037 101.565599
1401720039 101.550579
1401720041 101.87459
1401720043 101.638556
1401720046 100.619316
1401720048 101.690054
1401720050 101.503372
1401720053 101.406813
1401720055 101.464748
1401720057 101.490498
1401720060 101.114988
1401720062 101.318836
1401720064 101.494789
1401720066 101.518393
1401720069 101.608515
1401720071 101.522684
1401720073 100.971222
1401720076 100.685835
1401720078 101.765156
1401720080 101.490498
1401720082 101.503372
1401720084 102.011919
1401720087 102.003336
1401720089 101.018429
1401720091 101.383209
1401720094 102.374554
1401720096 102.769375
1401720098 102.653503
1401720100 102.771521
1401720103 102.432489
1401720105 102.651358
1401720107 103.593349
1401720110 105.363607
1401720112 105.076075
1401720114 105.513811
1401720117 105.657578
1401720119 106.299162
1401720121 106.884956
1401720123 107.088804
1401720125 106.951475
1401720128 106.927872
1401720130 106.762648
1401720132 106.249809
1401720135 107.099533
1401720137 106.996536
1401720139 106.919289
1401720141 107.048035
1401720144 107.07593
1401720146 106.204748
1401720148 106.511593
1401720151 106.949329
1401720153 107.10597
1401720155 106.966496
1401720157 107.110262
1401720159 106.79698
1401720162 106.206894
1401720164 107.556581
1401720166 107.015848
1401720169 106.934309
1401720171 106.97937
1401720173 106.683254
1401720176 106.20904
1401720178 107.118845
1401720180 107.118845
1401720182 107.015848
1401720185 106.97937
1401720187 106.758356
1401720189 106.451511
1401720192 106.221914
1401720194 106.981516
1401720196 106.906414
1401720198 107.030869
1401720200 107.110262
1401720203 106.751919
1401720205 106.281996
1401720207 107.002974
1401720210 106.846333
1401720212 106.876373
1401720214 106.955767
1401720216 107.05018
1401720219 106.372118
1401720221 107.10597
1401720223 107.069492
1401720226 106.947184
1401720228 107.037306
1401720230 106.790543
1401720232 106.307745
1401720235 106.771231
1401720237 107.067347
1401720239 107.058764
1401720241 107.013702
1401720244 107.159615
1401720246 106.758356
1401720248 106.324911
1401720251 107.060909
1401720253 107.108116
1401720255 106.957912
1401720257 107.028723
1401720260 107.067347
1401720262 106.176853
1401720264 107.097387
1401720266 107.097387
1401720269 107.033014
1401720271 107.084513
1401720273 107.245445
1401720275 106.586695
1401720278 106.309891
1401720280 107.10597
1401720282 107.043743
1401720285 107.086658
1401720287 107.178926
1401720289 106.445074
1401720291 106.286287
1401720294 107.219696
1401720296 107.02014
1401720298 107.181072
1401720301 107.030869
1401720303 106.934309
1401720305 106.118917
1401720307 106.833458
1401720310 106.99439
1401720312 107.108116
1401720314 107.762575
1401720316 107.080221
1401720319 106.266975
1401720321 106.606007
1401720323 107.082367
1401720325 106.947184
1401720328 107.129574
1401720330 106.977224
1401720333 106.606007
1401720335 106.316328
1401720337 107.067347
1401720339 107.357025
1401720342 107.14674
1401720344 107.030869
1401720346 106.646776
1401720349 106.530905
1401720351 107.063055
1401720353 107.189655
1401720355 107.069492
1401720358 107.095242
1401720360 106.882811
1401720362 106.361389
1401720365 106.590986
1401720367 107.080221
1401720369 107.713223
1401720371 107.114553
1401720373 107.157469
1401720376 106.284142
1401720378 106.339931
1401720380 106.96435
1401720383 107.361317
1401720385 107.080221
1401720387 107.299089
1401720389 106.837749
1401720392 106.434345
1401720394 107.206821
1401720396 107.112408
1401720398 107.129574
1401720401 107.058764
1401720403 106.97937
1401720405 106.384993
1401720407 106.354952
1401720410 107.033014
1401720412 107.028723
1401720414 107.058764
1401720417 106.990099
1401720419 106.771231
1401720421 106.258392
1401720423 107.185364
1401720426 107.045889
1401720428 107.142448
1401720430 107.028723
1401720433 106.715441
1401720435 106.234789
1401720437 107.030869
1401720439 107.041597
1401720442 107.058764
1401720444 107.022285
1401720446 106.917143
1401720449 106.479406
1401720451 107.022285
1401720453 107.093096
1401720455 106.953621
1401720458 106.927872
1401720460 106.947184
1401720463 106.554508
1401720465 106.485844
1401720467 107.118845
1401720469 107.056618
1401720471 107.007265
1401720474 107.033014
1401720476 106.824875
1401720478 106.241226
1401720481 106.914997
1401720483 106.945038
1401720485 106.876373
1401720487 106.837749
1401720490 106.947184
1401720492 106.086731
1401720494 106.648922
1401720497 106.85277
1401720499 106.863499
1401720501 106.769085
1401720503 106.812
1401720506 106.039524
1401720508 106.033087
1401720510 106.569529
1401720512 106.475115
1401720515 106.32062
1401720517 106.091022
1401720519 105.610371
1401720521 104.445219
1401720524 105.314255
1401720526 105.337858
1401720528 105.438709
1401720531 105.790615
1401720533 103.889465
1401720535 102.129936
1401720537 102.147102
1401720540 102.992535
1401720542 102.715731
1401720544 102.801561
1401720547 102.784395
1401720549 101.908922
1401720551 101.977587
1401720553 102.679253
1401720556 101.855278
1401720558 101.503372
1401720560 101.569891
1401720563 100.872517
1401720565 100.752354
1401720567 101.85957
1401720569 101.668596
1401720572 101.475477
1401720574 101.526976
1401720576 101.269484
1401720579 100.814581
1401720581 101.835966
1401720583 101.503372
1401720585 99.810362
1401720588 99.653721
1401720590 99.211693
1401720592 99.610806
1401720595 99.001408
1401720597 100.121498
1401720599 99.338293
1401720601 96.79985
1401720604 96.722603
1401720606 96.231222
1401720608 97.102404
1401720611 98.357677
1401720613 98.314762
1401720615 97.952127
1401720617 97.982168
1401720620 94.456673
1401720622 93.662739
1401720624 95.510244
1401720626 95.531702
1401720629 95.922232
1401720631 95.684052
1401720633 95.662594
1401720635 95.424414
1401720638 94.860077
1401720640 92.358112
1401720642 92.216492
1401720645 92.355967
1401720647 93.087673
1401720649 93.250751
1401720651 92.628479
1401720654 93.585491
1401720656 93.467474
1401720658 93.604803
1401720660 90.014935
1401720663 89.381933
1401720665 90.137243
1401720667 90.999842
1401720669 91.375351
1401720672 91.246605
1401720674 91.195107
1401720676 90.999842
1401720679 87.422848
1401720681 87.249041
1401720683 87.84771
1401720685 88.944197
1401720688 89.23173
1401720690 88.828325
1401720692 88.768244
1401720694 88.10091
1401720697 88.950634
1401720699 86.221218
1401720701 85.521698
1401720704 85.133314
1401720706 86.227655
1401720708 86.004496
1401720710 86.461544
1401720713 86.706161
1401720715 85.920811
1401720717 83.077669
1401720720 83.021879
1401720722 83.4167
1401720724 83.884478
1401720726 85.674047
1401720729 84.45096
1401720731 84.832907
1401720733 85.07967
1401720736 85.463762
1401720738 84.38015
1401720740 85.792065
1401720742 85.940123
1401720745 85.824251
1401720747 85.564613
1401720749 85.888624
1401720752 85.210562
1401720754 86.077452
1401720756 85.978746
1401720758 87.171793
1401720761 87.043047
1401720763 85.79421
1401720765 85.182667
1401720768 85.15048
1401720770 86.006641
1401720772 85.937977
1401720774 85.873604
1401720777 85.762024
1401720779 85.124731
1401720781 85.066795
1401720784 85.993767
1401720786 85.903645
1401720788 85.809231
1401720790 85.568905
1401720793 85.506678
1401720795 85.015297
1401720797 85.858583
1401720799 85.972309
1401720802 85.897207
1401720804 85.620403
1401720806 85.736275
1401720808 85.528135
1401720811 85.755587
1401720813 86.043119
1401720815 85.972309
1401720817 85.61182
1401720820 85.665464
1401720822 85.26206
1401720824 85.103273
1401720827 86.092472
1401720829 85.989475
1401720831 84.583998
1401720833 84.573269
1401720836 86.107492
1401720838 86.124659
1401720840 86.103201
1401720843 85.828543
1401720845 85.086107
1401720847 84.536791
1401720849 86.146116
1401720852 86.051702
1401720854 86.103201
1401720856 85.813522
1401720858 85.605383
1401720861 84.523916
1401720863 86.096764
1401720865 86.131096
1401720867 86.131096
1401720870 85.869312
1401720872 85.93154
1401720874 85.088253
1401720877 84.472418
1401720879 86.094618
1401720881 86.000204
1401720883 85.798502
1401720886 85.76417
1401720888 85.000277
1401720890 84.474564
1401720892 86.060286
1401720895 86.148262
1401720897 86.092472
1401720899 85.865021
1401720902 85.869312
1401720904 84.534645
1401720906 86.006641
1401720908 86.025953
1401720911 86.038828
1401720913 85.845709
1401720915 85.886478
1401720918 85.167646
1401720920 85.440159
1401720922 86.006641
1401720924 86.077452
1401720927 85.755587
1401720929 85.845709
1401720931 85.300684
1401720934 84.523916
1401720936 86.068869
1401720938 86.083889
1401720940 85.751295
1401720943 85.729837
1401720945 85.159063
1401720947 84.54752
1401720950 85.873604
1401720952 86.131096
1401720954 86.124659
1401720956 85.725546
1401720959 85.744858
1401720961 84.575415
1401720963 85.129023
1401720966 86.081743
1401720968 86.036682
1401720970 85.689068
1401720972 85.686922
1401720975 85.648298
1401720977 84.459543
1401720979 86.07316
1401720982 86.036682
1401720984 85.824251
1401720986 85.755587
1401720988 85.669756
1401720991 84.444523
1401720993 85.922956
1401720995 85.886478
1401720997 85.76417
1401721000 85.547447
1401721002 85.418701
1401721004 84.483147
1401721006 84.498167
1401721009 85.772753
1401721011 85.564613
1401721013 85.212708
1401721016 84.852219
1401721018 84.006786
1401721020 83.764315
1401721022 85.669756
1401721025 84.558249
1401721027 85.796356
1401721029 84.375858
1401721032 84.28359
1401721034 82.890987
1401721036 84.515333
1401721038 84.431648
1401721041 84.416628
1401721043 84.043264
1401721045 83.090544
1401721048 81.766605
1401721050 83.210707
1401721052 83.223581
1401721054 83.942413
1401721057 83.257914
1401721059 83.238602
1401721061 82.092762
1401721064 81.6679
1401721066 83.195686
1401721068 83.30512
1401721070 83.217144
1401721073 82.946777
1401721075 82.247257
1401721077 81.607819
1401721080 83.240747
1401721082 83.204269
1401721084 83.152771
1401721086 82.92532
1401721089 83.079815
1401721091 81.68292
1401721093 82.918882
1401721096 83.268642
1401721098 83.021879
1401721100 82.948923
1401721102 82.974672
1401721105 82.139969
1401721107 82.217216
1401721109 83.264351
1401721112 83.225727
1401721114 83.189249
1401721116 82.951069
1401721118 82.365274
1401721121 81.704378
1401721123 83.232164
1401721125 83.249331
1401721127 83.283663
1401721130 82.985401
1401721132 82.517624
1401721134 81.762314
1401721136 82.558393
1401721139 81.084251
1401721141 80.942631
1401721143 81.586361
1401721146 81.788063
1401721148 80.869675
1401721150 81.032753
1401721152 82.217216
1401721155 80.96838
1401721157 78.374147
1401721159 78.397751
1401721162 79.213142
1401721164 78.678846
1401721166 79.946995
1401721168 79.992056
1401721171 79.837561
1401721173 76.108217
1401721175 75.082541
1401721177 75.453758
1401721180 77.85058
1401721182 77.934265
1401721184 77.404261
1401721186 77.097416
1401721189 77.058792
1401721191 72.591305
1401721193 74.198484
1401721196 74.385166
1401721198 75.294971
1401721200 74.777842
1401721202 74.558973
1401721205 74.762821
1401721207 77.125311
1401721209 76.827049
1401721211 75.893641
1401721214 75.756311
1401721216 74.644804
1401721218 73.54188
1401721221 73.578358
1401721223 75.10829
1401721225 75.103998
1401721227 74.636221
1401721230 74.473143
1401721232 74.305773
1401721234 73.387384
1401721237 75.035334
1401721239 75.151205
1401721241 74.704885
1401721243 74.546099
1401721246 74.779987
1401721248 73.398113
1401721250 74.923754
1401721253 75.076103
1401721255 75.033188
1401721257 74.608326
1401721259 74.790716
1401721262 73.61269
1401721264 75.230598
1401721266 74.968815
1401721269 75.073957
1401721271 74.631929
1401721273 74.745655
1401721275 74.037552
1401721278 73.220015
1401721280 74.977398
1401721282 75.013876
1401721285 74.769258
1401721287 74.666262
1401721289 74.513912
1401721291 73.265076
1401721294 74.985981
1401721296 75.039625
1401721298 74.743509
1401721301 74.573994
1401721303 74.458122
1401721305 73.46034
1401721307 74.582577
1401721310 75.041771
1401721312 74.981689
1401721314 74.634075
1401721317 74.73278
1401721319 74.108362
1401721321 73.812246
1401721323 75.069666
1401721326 75.168371
1401721328 74.711323
1401721330 74.619055
1401721333 74.164152
1401721335 74.280024
1401721337 75.389385
1401721339 75.912952
1401721342 76.479435
1401721344 76.230526
1401721346 76.57814
1401721349 75.237036
1401721351 75.410843
1401721353 76.406479
1401721355 75.970888
1401721358 75.571775
1401721360 74.05901
1401721362 74.213505
1401721365 74.376583
1401721367 75.080395
1401721369 74.318647
1401721371 74.03326
1401721374 75.24991
1401721376 73.056936
1401721378 72.475433
1401721381 74.168444
1401721383 74.325085
1401721385 74.095488
1401721387 73.799372
1401721390 74.271441
1401721392 72.473288
1401721394 74.215651
1401721397 74.277878
1401721399 74.086905
1401721401 73.743582
1401721403 74.052572
1401721406 72.92819
1401721408 74.084759
1401721410 74.320793
1401721412 74.331522
1401721415 73.844433
1401721417 73.89164
1401721419 72.896004
1401721421 72.604179
1401721424 74.14484
1401721426 74.275732
1401721428 74.138403
1401721431 73.812246
1401721433 73.417425
1401721435 72.629929
1401721437 74.204922
1401721440 74.288607
1401721442 74.625492
1401721444 74.649096
1401721446 74.013948
1401721449 73.348761
1401721451 73.715687
1401721453 74.243546
1401721456 74.374437
1401721458 73.844433
1401721460 73.943138
1401721462 73.458195
1401721465 73.02475
1401721468 74.198484
1401721470 74.280024
1401721472 73.919535
1401721475 73.786497
1401721477 72.880983
1401721479 72.520494
1401721481 74.142694
1401721484 74.280024
