1400581304 109.998465
1400581306 110.118628
1400581308 110.049963
1400581311 109.700203
1400581313 111.052036
1400581315 111.472607
1400581317 111.940384
1400581320 112.455368
1400581322 113.869429
1400581324 113.807201
1400581326 113.571167
1400581329 113.832951
1400581331 115.543127
1400581333 114.416599
1400581335 114.101171
1400581338 114.148378
1400581340 113.832951
1400581342 113.860846
1400581344 113.826513
1400581347 114.023924
1400581349 114.04109
1400581351 114.04109
1400581354 113.880157
1400581356 113.56473
1400581358 114.148378
1400581360 113.066912
1400581362 113.124847
1400581365 113.590479
1400581367 113.800764
1400581369 112.69784
1400581372 112.925291
1400581374 113.129139
1400581376 113.073349
1400581378 113.032579
1400581381 113.066912
1400581383 112.710714
1400581385 112.622738
1400581387 113.073349
1400581390 110.122919
1400581392 109.940529
1400581394 110.661507
1400581396 109.979153
1400581399 109.399796
1400581401 109.530687
1400581403 109.792471
1400581405 109.897614
1400581408 110.00061
1400581410 110.019922
1400581412 111.112118
1400581414 111.543417
1400581417 112.058401
1400581419 113.358736
1400581421 113.425255
1400581423 113.723516
1400581426 113.611937
1400581428 114.804983
1400581430 115.049601
1400581432 115.116119
1400581435 113.869429
1400581437 113.644123
1400581439 113.472462
1400581441 113.330841
1400581444 112.989664
1400581446 113.541126
1400581448 113.69133
1400581451 113.586187
1400581453 113.796473
1400581455 113.373756
1400581457 113.354445
1400581459 112.854481
1400581462 112.779379
1400581464 113.06262
1400581466 112.845898
1400581469 113.129139
1400581471 112.534761
1400581473 112.850189
1400581475 112.856627
1400581478 112.893105
1400581480 112.573385
1400581482 112.440348
1400581484 112.571239
1400581487 112.830877
1400581489 109.964132
1400581491 109.723806
1400581493 110.204458
1400581496 110.086441
1400581498 109.21526
1400581500 109.500647
1400581502 110.457659
1400581505 110.176563
1400581507 109.974861
1400581509 110.798836
1400581511 111.4254
1400581514 110.953331
1400581516 112.998247
1400581518 113.281488
1400581520 113.294363
1400581523 113.152742
1400581525 114.583969
1400581527 114.50243
1400581529 114.511013
1400581532 113.867283
1400581534 113.388777
1400581536 113.35659
1400581538 113.345861
1400581541 112.71286
1400581543 113.088369
1400581545 113.15918
1400581548 113.281488
1400581550 113.348007
1400581552 113.247156
1400581554 113.114119
1400581556 112.279415
1400581559 114.227772
1400581561 112.633467
1400581563 112.854481
1400581566 112.575531
1400581568 112.174273
1400581570 112.137794
1400581572 112.536907
1400581574 112.579823
1400581577 112.575531
1400581579 112.577677
1400581581 112.40387
1400581584 112.257957
1400581586 109.657288
1400581588 110.762358
1400581590 109.938383
1400581593 109.672308
1400581595 109.552145
1400581597 109.277487
1400581599 109.494209
1400581602 110.135794
1400581604 110.616446
1400581606 111.783743
1400581608 111.101389
1400581611 112.715006
1400581613 112.740755
1400581615 113.478899
1400581618 113.287926
1400581620 113.410234
1400581622 114.884377
1400581624 114.841461
1400581627 113.049746
1400581629 113.390923
1400581631 113.386631
1400581633 113.416672
1400581636 113.178492
1400581638 113.472462
1400581640 113.071203
1400581643 112.921
1400581645 113.425255
1400581647 113.255739
1400581649 113.423109
1400581651 111.386776
1400581654 111.382484
1400581656 111.060619
1400581658 112.234354
1400581661 111.406088
1400581663 111.401796
1400581665 111.363173
1400581667 111.4254
1400581669 111.097097
1400581672 111.021996
1400581674 111.571312
1400581676 111.429691
1400581679 111.423254
1400581681 109.959841
1400581683 109.693766
1400581685 109.629393
1400581688 110.004902
1400581690 109.438419
1400581692 109.537125
1400581695 110.047817
1400581697 109.878302
1400581699 109.558582
1400581701 111.631393
1400581703 110.994101
1400581706 112.581968
1400581708 112.652779
1400581710 112.905979
1400581713 112.781525
1400581715 113.109827
1400581717 114.674091
1400581719 114.489555
1400581722 113.425255
1400581724 113.111973
1400581726 112.575531
1400581728 113.614082
1400581731 112.845898
1400581733 112.88023
1400581735 113.045454
1400581737 113.030434
1400581740 112.732172
1400581742 112.483263
1400581744 113.096952
1400581746 112.120628
1400581749 112.12492
1400581751 112.12492
1400581753 112.071276
1400581756 111.796618
1400581758 112.009048
1400581760 112.103462
1400581762 112.1099
1400581765 112.144232
1400581767 112.18071
1400581769 112.017632
1400581772 111.721516
1400581774 112.202168
1400581776 109.429836
1400581778 109.977007
1400581780 110.775232
1400581783 109.9298
1400581785 109.262466
1400581787 109.560728
1400581790 109.642267
1400581792 110.157251
1400581794 109.912634
1400581796 111.118555
1400581799 111.365318
1400581801 111.706495
1400581803 112.142086
1400581806 112.34808
1400581808 112.45966
1400581810 112.451077
1400581812 113.908052
1400581814 113.605499
1400581817 112.521887
1400581819 112.526178
1400581821 112.498283
1400581824 113.202095
1400581826 111.914635
1400581828 112.436056
1400581830 112.554073
1400581833 112.71286
1400581835 112.594843
1400581837 112.493992
1400581839 112.298727
1400581842 111.590624
1400581844 111.863136
1400581846 111.867428
1400581849 111.796618
1400581851 111.837387
1400581853 111.895323
1400581855 111.639977
1400581858 111.796618
1400581860 111.981153
1400581862 111.880302
1400581864 111.88674
1400581867 111.860991
1400581869 111.521959
1400581871 109.399796
1400581873 109.97057
1400581876 110.708714
1400581878 109.961987
1400581880 109.614372
1400581883 109.23028
1400581885 109.861135
1400581887 110.092878
1400581889 109.788179
1400581891 111.300945
1400581894 111.079931
1400581896 111.584187
1400581898 111.788034
1400581901 112.092733
1400581903 112.169981
1400581905 112.223625
1400581907 113.348007
1400581910 113.708496
1400581912 111.869574
1400581914 111.884594
1400581917 112.270832
1400581919 113.139868
1400581921 112.051964
1400581923 112.253666
1400581925 112.159252
1400581928 111.785889
1400581930 112.309456
1400581932 112.127066
1400581935 112.339497
1400581937 111.644268
1400581939 111.710787
1400581941 111.358881
1400581944 111.356735
1400581946 111.695766
1400581948 111.710787
1400581950 111.702204
1400581953 111.657143
1400581955 111.309528
1400581957 111.277342
1400581959 111.631393
1400581962 111.646414
1400581964 111.768723
1400581966 109.601498
1400581969 110.618591
1400581971 109.545708
1400581973 109.610081
1400581975 109.592915
1400581978 109.622955
1400581980 110.15296
1400581982 109.863281
1400581984 111.569166
1400581987 111.047745
1400581989 111.781597
1400581991 111.865282
1400581994 112.006903
1400581996 111.953259
1400581998 111.697912
1400582000 111.564875
1400582002 113.605499
1400582005 113.656998
1400582007 111.991882
1400582009 112.105608
1400582012 112.088442
1400582014 111.590624
1400582016 112.047672
1400582018 112.165689
1400582021 112.032652
1400582023 112.131357
1400582025 112.174273
1400582028 111.715078
1400582030 111.043453
1400582032 111.476898
1400582034 111.476898
1400582036 111.382484
1400582039 111.436129
1400582041 111.028433
1400582043 110.989809
1400582046 111.431837
1400582048 111.410379
1400582050 111.382484
1400582052 111.416817
1400582055 111.320257
1400582057 109.39765
1400582059 110.037088
1400582061 110.122919
1400582064 109.972715
1400582066 110.178709
1400582068 109.942675
1400582070 109.841824
1400582073 109.63583
1400582075 110.929728
1400582077 109.644413
1400582080 110.013485
1400582082 110.116482
1400582084 111.693621
1400582086 110.676527
1400582089 112.221479
1400582091 111.403942
1400582093 111.500502
1400582095 111.783743
1400582098 111.631393
1400582100 112.794399
1400582102 111.963987
1400582105 111.534834
1400582107 111.521959
1400582109 111.685038
1400582111 111.725807
1400582114 111.116409
1400582116 111.335278
1400582118 111.590624
1400582121 111.48119
1400582123 111.498356
1400582125 111.483335
1400582127 111.601353
1400582129 110.768795
1400582132 111.219406
1400582134 111.193657
1400582136 111.148596
1400582139 112.06913
1400582141 111.232281
1400582143 110.68511
1400582145 111.03487
1400582147 111.167908
1400582150 111.135721
1400582152 111.182928
1400582154 111.204386
1400582157 110.899687
1400582159 109.668016
1400582161 109.65085
1400582163 109.98559
1400582166 110.060692
1400582168 110.017776
1400582170 109.080076
1400582172 110.397577
1400582175 110.131502
1400582177 111.755848
1400582179 111.509085
1400582182 111.524105
1400582184 111.028433
1400582186 111.311674
1400582188 111.4254
1400582191 111.48119
1400582193 111.408234
1400582195 113.008976
1400582197 112.738609
1400582200 111.783743
1400582202 111.815929
1400582204 111.680746
1400582206 111.346006
1400582209 111.500502
1400582211 111.356735
1400582213 111.002684
1400582216 111.650705
1400582218 111.483335
1400582220 111.283779
1400582222 110.910416
1400582225 111.004829
1400582227 110.818148
1400582229 110.695839
1400582232 111.002684
1400582234 110.987663
1400582236 110.927582
1400582238 110.953331
1400582240 110.67009
1400582243 110.455513
1400582245 110.897541
1400582247 110.871792
1400582250 110.747337
1400582252 109.545708
1400582254 109.74741
1400582256 109.618664
1400582258 109.391212
1400582261 109.451294
1400582263 110.425472
1400582265 110.007048
1400582268 111.882448
1400582270 111.015558
1400582272 110.627174
1400582274 110.906124
1400582277 111.060619
1400582279 111.088514
1400582281 111.10568
1400582284 110.942602
1400582286 110.730171
1400582288 112.605572
1400582290 111.103535
1400582293 111.487627
1400582295 110.736609
1400582297 110.708714
1400582299 110.358953
1400582302 110.702276
1400582304 110.998392
1400582306 110.961914
1400582308 111.056328
1400582311 110.792398
1400582313 110.421181
1400582315 110.444784
1400582317 110.732317
1400582320 110.738754
1400582322 111.240864
1400582324 110.966206
1400582327 110.721588
1400582329 110.371828
1400582331 110.676527
1400582333 110.674381
1400582336 110.921144
1400582338 110.710859
1400582340 109.487772
1400582342 109.474897
1400582345 110.363245
1400582347 110.009193
1400582349 109.680891
1400582351 109.58004
1400582354 109.846115
1400582356 109.81822
1400582358 111.281633
1400582361 111.785889
1400582363 110.846043
1400582365 110.753775
1400582367 110.695839
1400582369 111.227989
1400582372 110.341787
1400582374 110.627174
1400582376 112.281561
1400582379 112.408161
1400582381 112.257957
1400582383 111.045599
1400582385 110.500574
1400582388 110.326767
1400582390 110.732317
1400582392 110.809565
1400582395 110.736609
1400582397 110.839605
1400582399 110.483408
1400582401 110.131502
1400582404 110.455513
1400582406 110.483408
1400582408 110.44693
1400582410 110.476971
1400582413 110.489845
1400582415 110.172272
1400582417 110.588551
1400582419 110.534906
1400582422 110.399723
1400582424 110.451221
1400582426 110.346079
1400582428 110.137939
1400582431 109.292507
1400582433 109.931946
1400582435 110.588551
1400582438 110.004902
1400582440 109.644413
1400582442 109.34186
1400582444 110.273123
1400582447 110.058546
1400582449 110.62932
1400582451 111.021996
1400582454 110.466242
1400582456 110.723734
1400582458 110.064983
1400582460 110.489845
1400582462 110.560656
1400582465 110.371828
1400582467 111.97257
1400582469 111.858845
1400582471 110.095024
1400582474 111.279488
1400582476 110.500574
1400582478 110.715151
1400582480 110.594988
1400582483 110.697985
1400582485 110.522032
1400582487 109.931946
1400582490 110.459805
1400582492 110.183001
1400582494 110.234499
1400582496 110.356808
1400582499 110.305309
1400582501 109.961987
1400582503 110.067129
1400582506 110.341787
1400582508 110.165834
1400582510 110.142231
1400582512 109.882593
1400582514 109.779596
1400582517 110.213041
1400582519 110.195875
1400582521 109.549999
1400582524 109.983444
1400582526 110.00061
1400582528 109.58004
1400582530 109.530687
1400582532 109.552145
1400582535 110.172272
1400582537 110.011339
1400582540 110.942602
1400582542 110.354662
1400582544 109.949112
1400582546 110.086441
1400582548 110.045671
1400582551 110.125065
1400582553 110.02636
1400582555 109.771013
1400582558 111.127138
1400582560 110.824585
1400582562 110.00061
1400582564 110.232353
1400582567 110.090733
1400582569 110.678673
1400582571 109.85899
1400582573 109.936237
1400582576 110.380411
1400582578 110.086441
1400582580 110.129356
1400582582 109.901905
1400582585 109.618664
1400582587 109.627247
1400582589 111.588478
1400582592 110.047817
1400582594 110.015631
1400582596 110.013485
1400582598 109.824657
1400582601 109.522104
1400582603 109.854698
1400582605 109.895468
1400582607 109.949112
1400582610 110.305309
1400582612 109.931946
1400582614 109.850407
1400582617 109.854698
1400582619 109.977007
1400582621 109.646559
1400582623 109.444857
1400582626 109.554291
1400582628 109.530687
1400582630 110.567093
1400582632 110.011339
1400582635 109.777451
1400582637 109.886885
1400582639 109.781742
1400582641 109.856844
1400582644 109.438419
1400582646 110.820293
1400582648 111.350298
1400582651 109.792471
1400582653 109.740973
1400582655 109.693766
1400582657 109.479189
1400582659 109.646559
1400582662 109.964132
1400582664 109.781742
1400582666 109.942675
1400582669 109.811783
1400582671 109.534979
1400582673 109.324694
1400582675 109.775305
1400582678 109.734535
1400582680 109.753847
1400582682 109.751701
1400582685 109.502792
1400582687 110.069275
1400582689 110.481262
1400582691 109.760284
1400582694 109.672308
1400582696 109.734535
1400582698 109.736681
1400582700 109.380484
1400582703 109.599352
1400582705 111.024141
1400582707 109.983444
1400582709 109.687328
1400582712 109.485626
1400582714 109.597206
1400582716 110.187292
1400582718 110.547781
1400582721 109.487772
1400582723 109.725952
1400582725 109.479189
1400582728 109.339714
1400582730 109.157324
1400582732 109.348297
1400582734 110.228062
1400582736 110.011339
1400582739 110.89325
1400582741 109.537125
1400582743 109.322548
1400582746 109.217405
1400582748 109.640121
1400582750 109.601498
1400582752 109.545708
1400582755 109.46846
1400582757 109.386921
1400582759 109.116554
1400582762 109.522104
1400582764 109.481335
1400582766 109.440565
1400582768 109.556437
1400582770 109.380484
1400582773 109.037161
1400582775 109.434128
1400582777 109.50923
1400582780 110.564947
1400582782 109.537125
1400582784 109.492064
1400582786 109.532833
1400582789 109.195948
1400582791 110.030651
1400582793 109.936237
1400582795 109.655142
1400582798 109.511375
1400582800 109.979153
1400582802 109.758139
1400582805 109.987736
1400582807 110.833168
1400582809 111.597061
1400582811 111.599207
1400582814 112.326622
1400582816 113.536835
1400582818 114.015341
1400582820 114.08186
1400582823 113.957405
1400582825 115.487337
1400582827 115.450859
1400582829 113.824368
1400582832 113.704205
1400582834 114.356518
1400582836 113.918781
1400582839 113.991737
1400582841 113.777161
1400582843 113.644123
1400582845 113.714933
1400582848 114.008904
1400582850 114.084005
1400582852 113.993883
1400582855 114.045382
1400582857 112.669945
1400582859 112.959623
1400582861 113.165617
1400582863 113.077641
1400582866 113.227844
1400582868 113.167763
1400582870 112.905979
1400582873 112.772942
1400582875 113.223553
1400582877 113.060474
1400582879 113.101244
1400582881 113.187075
1400582884 110.783815
1400582886 109.502792
1400582888 111.054182
1400582891 111.341715
1400582893 109.678745
1400582895 109.683037
1400582897 109.700203
1400582900 109.534979
1400582902 109.498501
1400582904 109.665871
1400582907 108.974934
1400582909 108.406305
1400582911 108.447075
1400582913 108.118773
1400582916 108.19602
1400582918 108.464241
1400582920 108.449221
1400582922 109.708786
1400582925 108.451366
1400582927 108.185291
1400582929 108.017921
1400582932 108.290434
1400582934 108.453512
1400582936 108.470678
1400582938 108.41918
1400582941 108.380556
1400582943 108.393431
1400582945 108.215332
1400582947 108.485699
1400582950 108.470678
1400582952 108.380556
1400582954 108.359098
1400582956 108.25181
1400582959 108.02865
1400582961 108.505011
1400582963 108.444929
1400582966 108.442783
1400582968 108.498573
1400582970 108.286142
1400582972 108.054399
1400582974 108.217478
1400582977 108.417034
1400582979 108.399868
1400582981 108.423471
1400582984 108.384848
1400582986 108.144522
1400582988 108.06942
1400582990 108.408451
1400582993 108.417034
1400582995 108.635902
1400582997 108.449221
1400583000 108.513594
1400583002 108.090878
1400583004 108.41918
1400583006 108.344078
1400583009 108.341932
1400583011 108.371973
1400583013 108.367682
1400583015 108.06942
1400583018 108.215332
1400583020 108.447075
1400583022 108.391285
1400583024 108.380556
1400583027 108.425617
1400583029 108.12521
1400583031 108.054399
1400583033 108.41918
1400583036 108.393431
1400583038 108.442783
1400583040 108.389139
1400583043 108.157396
1400583045 108.026505
1400583047 108.462095
1400583049 108.429909
1400583052 108.517885
1400583054 108.408451
1400583056 108.371973
1400583058 108.08444
1400583061 108.032942
1400583063 108.354807
1400583065 108.40416
1400583067 108.468533
1400583070 108.436346
1400583072 108.060837
1400583074 108.024359
1400583077 108.417034
1400583079 108.37841
1400583081 108.406305
1400583083 108.365536
1400583086 108.354807
1400583088 108.157396
1400583090 108.462095
1400583092 108.442783
1400583095 108.382702
1400583097 108.318329
1400583099 108.178854
1400583101 107.962132
1400583104 108.000755
1400583106 108.410597
1400583108 108.462095
1400583111 108.4342
1400583113 108.459949
1400583115 108.447075
1400583117 107.95784
1400583119 108.29258
1400583122 108.393431
1400583124 108.464241
1400583126 108.494282
1400583129 108.444929
1400583131 107.97286
1400583133 108.314037
1400583135 108.286142
1400583138 108.382702
1400583140 108.417034
1400583142 108.487844
1400583145 108.159542
1400583147 108.026505
1400583149 108.386993
1400583151 108.367682
1400583154 108.324766
1400583156 108.350515
1400583158 108.050108
1400583160 107.985735
1400583163 108.389139
1400583165 108.371973
1400583167 108.423471
1400583169 108.402014
1400583172 108.41918
1400583174 108.078003
1400583176 108.410597
1400583178 108.470678
1400583181 108.429909
1400583183 108.414888
1400583185 108.365536
1400583188 108.015776
1400583190 108.131647
1400583192 108.4342
1400583194 108.333349
1400583197 108.389139
1400583199 108.344078
1400583201 107.970715
1400583204 108.335495
1400583206 108.333349
1400583208 108.374119
1400583210 108.356953
1400583212 108.459949
1400583215 108.075857
1400583217 108.314037
1400583219 108.412743
1400583222 108.457804
1400583224 108.483553
1400583226 108.395576
1400583228 107.95784
1400583230 107.921362
1400583233 108.350515
1400583235 108.582258
1400583237 108.425617
1400583240 108.376265
1400583242 108.202457
1400583244 108.050108
1400583246 108.397722
1400583249 108.397722
1400583251 108.275414
1400583253 108.286142
1400583256 108.371973
1400583258 108.339787
1400583260 108.183146
1400583262 108.341932
1400583265 108.256102
1400583267 108.423471
1400583269 108.455658
1400583271 108.268976
1400583274 108.002901
1400583276 108.309746
1400583278 108.299017
1400583280 108.314037
1400583283 108.402014
1400583285 108.279705
1400583287 108.093023
1400583289 108.281851
1400583292 108.410597
1400583294 108.393431
1400583296 108.3076
1400583299 108.329058
1400583301 107.938528
1400583303 108.026505
1400583305 108.329058
1400583308 108.367682
1400583310 108.34837
1400583312 108.455658
1400583315 108.331203
1400583317 108.024359
1400583319 108.380556
1400583321 108.329058
1400583323 108.288288
1400583326 108.271122
1400583328 108.232498
1400583330 107.959986
1400583333 108.238935
1400583335 108.37841
1400583337 108.440638
1400583339 108.386993
1400583342 108.374119
1400583344 108.02865
1400583346 107.975006
1400583348 108.354807
1400583351 108.3076
1400583353 108.339787
1400583355 108.584404
1400583357 108.082294
1400583360 107.944965
1400583362 108.4342
1400583364 108.32262
1400583367 108.335495
1400583369 108.361244
1400583371 108.331203
1400583373 107.981443
1400583376 108.037233
1400583378 108.346224
1400583380 108.305454
1400583382 108.417034
1400583385 108.361244
1400583387 108.005047
1400583389 108.108044
1400583391 108.438492
1400583394 108.386993
1400583396 108.384848
1400583398 108.399868
1400583401 108.247519
1400583403 108.030796
1400583405 108.346224
1400583407 108.440638
1400583410 108.331203
1400583412 108.391285
1400583414 108.376265
1400583416 108.185291
1400583419 108.002901
1400583421 108.376265
1400583423 108.40416
1400583426 108.367682
1400583428 108.444929
1400583430 108.078003
1400583432 108.017921
1400583434 108.397722
1400583437 108.371973
1400583439 108.384848
1400583441 108.354807
1400583444 108.271122
1400583446 107.966423
1400583448 108.406305
1400583450 108.406305
1400583452 108.485699
1400583455 108.425617
1400583457 108.380556
1400583460 108.073711
1400583462 107.99861
1400583464 108.410597
1400583466 108.4342
1400583468 108.459949
1400583471 108.399868
1400583473 108.290434
1400583475 108.316183
1400583478 108.429909
1400583480 108.352661
1400583482 108.410597
1400583484 108.344078
1400583487 108.337641
1400583489 108.024359
1400583491 108.365536
1400583493 108.37841
1400583496 108.391285
1400583498 108.402014
1400583500 108.402014
1400583502 108.176708
1400583505 108.25181
1400583507 108.479261
1400583509 108.410597
1400583512 108.432055
1400583514 108.429909
1400583516 108.112335
1400583519 108.052254
1400583521 108.376265
1400583523 108.41918
1400583525 108.376265
1400583528 108.397722
1400583530 108.331203
1400583532 107.981443
1400583535 108.301163
1400583537 108.369827
1400583539 108.397722
1400583541 108.374119
1400583544 108.168125
1400583546 108.01363
1400583548 108.384848
1400583550 108.37841
1400583553 108.380556
1400583555 108.382702
1400583557 108.114481
1400583560 108.035088
1400583562 108.389139
1400583564 108.444929
1400583566 108.417034
1400583569 108.429909
1400583571 108.337641
1400583573 107.966423
1400583575 108.19602
1400583578 108.34837
1400583580 108.36339
1400583582 108.487844
1400583584 108.408451
1400583587 108.144522
1400583589 108.095169
1400583591 108.286142
1400583593 108.3076
1400583596 108.556509
1400583598 108.41918
1400583600 108.238935
1400583603 108.097315
1400583605 108.391285
1400583607 108.309746
1400583610 108.279705
1400583612 108.337641
1400583614 108.429909
1400583616 108.142376
1400583618 108.022213
1400583621 108.245373
1400583623 108.505011
1400583625 108.393431
1400583627 108.294725
1400583630 108.178854
1400583632 108.093023
1400583634 108.444929
1400583637 108.339787
1400583639 108.29258
1400583641 108.399868
1400583643 108.316183
1400583645 108.058691
1400583648 108.309746
1400583650 108.277559
1400583652 108.438492
1400583655 108.470678
1400583657 108.301163
1400583659 107.955694
1400583661 107.979298
1400583664 108.371973
1400583666 108.423471
1400583668 108.4342
1400583671 108.397722
1400583673 108.337641
1400583675 107.891321
1400583677 108.406305
1400583680 108.421326
1400583682 108.470678
1400583684 108.359098
1400583686 108.223915
1400583689 107.88703
1400583691 108.159542
1400583693 108.459949
1400583695 108.391285
1400583698 108.40416
1400583700 108.271122
1400583702 107.953548
1400583704 108.022213
1400583707 108.423471
1400583709 108.451366
1400583711 108.414888
1400583714 108.318329
1400583716 107.966423
1400583718 108.030796
1400583720 108.453512
1400583723 108.502865
1400583725 108.449221
1400583727 108.318329
1400583730 108.314037
1400583732 108.095169
1400583734 108.48999
1400583736 108.432055
1400583738 108.294725
1400583741 108.238935
1400583743 108.468533
1400583745 108.090878
1400583748 108.037233
1400583750 108.283997
1400583752 108.303308
1400583754 106.533051
1400583756 106.181145
1400583759 105.934381
1400583761 106.299162
1400583763 107.290506
1400583766 107.412815
1400583768 108.708858
1400583770 107.359171
1400583772 107.453585
1400583775 107.078075
1400583777 107.683182
1400583779 107.620955
1400583782 109.10368
1400583784 109.532833
1400583786 110.328913
1400583788 110.721588
1400583791 110.841751
1400583793 111.307383
1400583795 111.21726
1400583797 111.38463
1400583800 112.802982
1400583802 111.238718
1400583804 111.519814
1400583806 111.429691
1400583809 111.579895
1400583811 111.534834
1400583813 111.062765
1400583815 111.142159
1400583818 110.989809
1400583820 111.064911
1400583822 111.315966
1400583825 111.206532
1400583827 110.97908
1400583829 110.440493
1400583831 110.301018
1400583834 110.70013
1400583836 110.75592
1400583838 110.519886
1400583841 110.44693
1400583843 110.421181
1400583845 110.470533
1400583847 110.228062
1400583849 110.534906
1400583852 110.498428
1400583854 110.472679
1400583856 109.674454
1400583859 107.320547
1400583861 107.086658
1400583863 108.814001
1400583865 109.21526
1400583867 107.251883
1400583870 107.322693
1400583872 107.228279
1400583874 107.026577
1400583877 106.983662
1400583879 105.309963
1400583881 103.758574
1400583883 103.668451
1400583886 103.752136
1400583888 104.509592
1400583890 104.71344
1400583893 104.919434
1400583895 105.389357
1400583897 105.53956
1400583899 105.470896
1400583902 104.983807
1400583904 105.794907
1400583906 107.200384
1400583908 107.738972
1400583911 108.509302
1400583913 108.159542
1400583915 108.206749
1400583917 108.035088
1400583920 108.577967
1400583922 108.790398
1400583924 108.758211
1400583926 108.730316
1400583929 109.734535
1400583931 110.326767
1400583933 108.764648
1400583936 108.700275
1400583938 108.820438
1400583940 108.732462
1400583942 108.820438
1400583945 108.668089
1400583947 108.425617
1400583949 108.970642
1400583952 108.015776
1400583954 108.024359
1400583956 107.949257
1400583958 107.869864
1400583960 107.554436
1400583963 107.908487
1400583965 107.959986
1400583967 107.929945
1400583970 107.912779
1400583972 107.711077
1400583974 107.517958
1400583976 107.67889
1400583979 108.097315
1400583981 105.003119
1400583983 106.333494
1400583985 104.391575
1400583988 104.745626
1400583990 104.230642
1400583992 102.196455
1400583994 102.142811
1400583997 102.123499
1400583999 102.144957
1400584001 102.106333
1400584004 101.74799
1400584006 101.98617
1400584008 102.125645
1400584010 102.076292
1400584013 102.054834
1400584015 102.417469
1400584017 101.756573
1400584019 101.756573
1400584022 102.157831
1400584024 102.067709
1400584026 102.035522
1400584028 102.080584
1400584031 101.670742
1400584033 101.6922
1400584035 102.11277
1400584038 102.044106
1400584040 102.099895
1400584042 102.067709
1400584044 102.149248
1400584046 101.640701
1400584049 101.842403
1400584051 102.172852
1400584053 102.091312
1400584056 102.046251
1400584058 102.059126
1400584060 102.031231
1400584062 101.724386
1400584064 102.205038
1400584067 102.123499
1400584069 102.155685
1400584071 102.089167
1400584073 101.953983
1400584075 101.870298
1400584078 101.868153
1400584080 102.093458
1400584082 102.024794
1400584084 102.16856
1400584086 102.121353
1400584089 101.795197
1400584091 101.597786
1400584093 101.98617
1400584095 102.039814
1400584097 102.144957
1400584100 102.147102
1400584102 102.12779
1400584104 101.685762
1400584107 102.059126
1400584109 102.215767
1400584111 102.084875
1400584113 102.035522
1400584115 102.011919
1400584118 101.685762
1400584120 101.853132
1400584122 102.18358
1400584125 102.084875
1400584127 102.102041
1400584130 102.046251
1400584132 101.061344
1400584134 100.885391
1400584136 101.39823
1400584138 101.314545
1400584141 101.243734
1400584143 102.642775
1400584145 102.777958
1400584147 102.110624
1400584149 103.468895
1400584152 102.977514
1400584154 102.855206
1400584156 104.468822
1400584158 105.005264
1400584161 105.015993
1400584163 104.902267
1400584165 105.910778
1400584167 106.15325
1400584169 106.116772
1400584172 106.095314
1400584174 106.052399
1400584176 105.533123
1400584178 106.082439
1400584181 106.713295
1400584183 106.048107
1400584185 106.095314
1400584187 105.923653
1400584189 105.957985
1400584191 105.730534
1400584194 106.266975
1400584196 106.157541
1400584198 106.133938
1400584201 106.15325
1400584203 104.423761
1400584205 103.994608
1400584207 104.516029
1400584210 104.790688
1400584212 104.316473
1400584214 104.361534
1400584217 104.342222
1400584219 104.114771
1400584221 104.258537
1400584223 104.47526
1400584225 104.370117
1400584228 104.436636
1400584230 103.350878
1400584232 102.087021
1400584235 102.488279
1400584237 102.840185
1400584239 102.86808
1400584241 102.606297
1400584243 102.662086
1400584246 101.962566
1400584248 102.514029
1400584250 102.677107
1400584253 101.679325
1400584255 101.537704
1400584257 101.288795
1400584259 101.02272
1400584262 98.464966
1400584264 99.003553
1400584266 99.132299
1400584269 99.934816
1400584271 100.235224
1400584273 100.001335
1400584275 99.788904
1400584278 100.516319
1400584280 100.711584
1400584282 101.346731
1400584284 102.453947
1400584287 103.486061
1400584289 102.222204
1400584291 103.018284
1400584293 103.548288
1400584296 103.559017
1400584298 103.60837
1400584300 103.483915
1400584302 103.410959
1400584305 102.838039
1400584307 103.37019
1400584309 103.5676
1400584312 103.543997
1400584314 103.507519
1400584316 103.563309
1400584318 103.16205
1400584321 103.434563
1400584323 103.692055
1400584325 103.692055
1400584328 103.726387
1400584330 102.773666
1400584332 102.254391
1400584334 102.318764
1400584336 103.179216
1400584339 102.876663
1400584341 102.786541
1400584343 102.807999
1400584346 102.619171
1400584348 102.190018
1400584350 102.745771
1400584352 102.889538
1400584355 102.870226
1400584357 101.378918
1400584359 100.441217
1400584362 99.597931
1400584364 100.121498
1400584366 100.372553
1400584368 100.394011
1400584370 101.117134
1400584373 100.344658
1400584375 99.823236
1400584377 99.799633
1400584380 99.518538
1400584382 99.198818
1400584384 99.05076
1400584386 99.025011
1400584389 98.733187
1400584391 98.47784
1400584393 99.037886
1400584395 99.128008
1400584398 99.119425
1400584400 98.992825
1400584402 99.057198
1400584404 98.709583
1400584407 99.042177
1400584409 99.138737
1400584411 99.119425
1400584414 99.164486
1400584416 99.072218
1400584418 98.68598
1400584420 98.445654
1400584423 99.067926
1400584425 99.14732
1400584427 99.052906
1400584429 99.067926
1400584432 99.048615
1400584434 98.546505
1400584436 99.040031
1400584439 99.170923
1400584441 99.143028
1400584443 99.082947
1400584445 98.928452
1400584447 98.514318
1400584450 97.975731
1400584452 96.76981
1400584454 96.874952
1400584457 97.186089
1400584459 98.065853
1400584461 97.649574
1400584463 97.280502
1400584466 98.374844
1400584468 98.342657
1400584470 98.851204
1400584472 100.374699
1400584475 100.162268
1400584477 99.859715
1400584479 100.739479
1400584481 100.812435
1400584484 100.889683
1400584486 100.874662
1400584488 100.958347
1400584491 100.469112
1400584493 100.336075
1400584495 101.726532
1400584497 101.031303
1400584500 101.059198
1400584502 100.625753
1400584504 100.256681
1400584507 100.260973
1400584509 100.752354
1400584511 100.947618
1400584513 100.975513
1400584515 100.958347
1400584518 100.273848
1400584520 99.655867
1400584522 100.215912
1400584525 100.709438
1400584527 100.265265
1400584529 100.301743
1400584531 100.239515
1400584534 99.829674
1400584536 100.207329
1400584538 100.110769
1400584540 100.278139
1400584543 100.280285
1400584545 98.911285
1400584547 97.703218
1400584550 97.458601
1400584552 98.11306
1400584554 97.995043
1400584556 97.988605
1400584558 97.94569
1400584561 97.733259
1400584563 97.477913
1400584566 96.999407
1400584568 96.735477
1400584570 96.894264
1400584572 96.759081
1400584574 96.233368
1400584577 95.978022
1400584579 94.688416
1400584581 94.594002
1400584584 94.495296
1400584586 94.920158
1400584588 95.351458
1400584590 94.769955
1400584592 95.72053
1400584595 96.111059
1400584597 95.954418
1400584599 97.147465
1400584602 97.593784
1400584604 97.035885
1400584606 98.061562
1400584608 98.346949
1400584611 98.243952
1400584613 98.411322
1400584615 100.235224
1400584618 98.138809
1400584620 97.681761
1400584622 98.664522
1400584624 98.409176
1400584627 98.482132
1400584629 98.063707
1400584631 97.975731
1400584633 97.37277
1400584636 98.492861
1400584638 98.473549
1400584640 98.344803
1400584642 98.413467
1400584645 98.177433
1400584647 96.997261
1400584649 97.505808
1400584652 97.879171
1400584654 98.222494
1400584656 97.877026
1400584658 97.701073
1400584661 97.419977
1400584663 96.99297
1400584665 97.928524
1400584667 97.780466
1400584670 97.842693
1400584672 97.810507
1400584674 95.619678
1400584677 95.068216
1400584679 95.821381
1400584681 95.711946
1400584683 95.726967
1400584685 96.342802
1400584688 95.769882
1400584690 95.014572
1400584692 95.231295
1400584695 95.821381
1400584697 94.441652
1400584699 94.5189
1400584701 94.506025
1400584704 94.083309
1400584706 93.802214
1400584708 94.649792
1400584710 94.63048
1400584713 94.563961
1400584715 94.538212
1400584717 94.469547
1400584719 93.808651
1400584722 94.190598
1400584724 94.546795
1400584726 94.475985
1400584729 94.437361
1400584731 94.527483
1400584733 93.864441
1400584735 94.046831
1400584737 94.561815
1400584742 94.578981
1400584744 94.559669
1400584747 94.342947
1400584749 93.699217
1400584751 94.568253
1400584754 94.559669
1400584756 94.467402
1400584758 94.548941
1400584760 94.257116
1400584763 93.647718
1400584765 94.555378
1400584767 94.555378
1400584769 94.596148
1400584772 94.660521
1400584774 94.506025
1400584776 93.984604
1400584778 93.624115
1400584781 94.591856
1400584783 94.527483
1400584785 94.58971
1400584787 94.544649
1400584790 94.409466
1400584792 93.690634
1400584794 94.531775
1400584797 94.493151
1400584799 94.46311
1400584801 94.475985
1400584803 94.596148
1400584806 93.858004
1400584808 93.812943
1400584810 94.677687
1400584813 94.486713
1400584815 94.441652
1400584817 94.353676
1400584819 93.750715
1400584821 93.767881
1400584824 94.70129
1400584826 94.497442
1400584828 94.602585
1400584831 94.497442
1400584833 94.400883
1400584836 93.684196
1400584837 94.643354
1400584840 94.553232
1400584842 94.5189
1400584844 94.540358
1400584846 94.405174
1400584849 93.735695
1400584851 93.690634
1400584853 94.572544
1400584856 94.669104
1400584858 94.523191
1400584860 94.585419
1400584863 93.984604
1400584865 94.115496
1400584867 94.512463
1400584870 94.398737
1400584872 94.540358
1400584874 94.512463
1400584876 94.28072
1400584879 93.759298
1400584881 94.632626
1400584883 94.437361
1400584885 94.482422
1400584888 94.437361
1400584890 94.523191
1400584892 93.737841
1400584894 94.381571
1400584897 94.53392
1400584899 94.540358
1400584901 94.512463
1400584903 94.415903
1400584906 91.866732
1400584908 91.596365
1400584910 92.523336
1400584913 93.587637
1400584915 93.390226
1400584917 92.907429
1400584919 93.332291
1400584922 93.922377
1400584924 93.896627
1400584926 96.063852
1400584929 96.113205
1400584931 95.527411
1400584933 94.581127
1400584935 95.287085
1400584937 95.896482
1400584940 95.967293
1400584942 95.66474
1400584944 95.699072
1400584947 95.501661
1400584949 94.793558
1400584951 96.138954
1400584953 95.990896
1400584956 95.688343
1400584958 95.752716
1400584961 95.450163
1400584963 94.767809
1400584966 96.0145
1400584967 96.136808
1400584970 95.69478
1400584972 95.250607
1400584975 95.312834
1400584977 94.190598
1400584979 95.935106
1400584982 95.396519
1400584984 95.37077
1400584986 95.244169
1400584988 95.242023
1400584991 94.428778
1400584993 94.246387
1400584995 95.454454
1400584998 95.480204
1400585000 93.366623
1400585002 93.381643
1400585004 93.162775
1400585007 92.456818
1400585009 93.609095
1400585011 93.750715
1400585014 93.491077
1400585016 93.375206
1400585018 92.868805
1400585020 91.480494
1400585022 92.396736
1400585025 92.448235
1400585027 92.409611
1400585029 92.270136
1400585031 92.3388
1400585034 91.604948
1400585036 91.364622
1400585038 92.306614
1400585040 92.401028
1400585043 92.340946
1400585045 92.370987
1400585047 92.042685
1400585049 91.16292
1400585051 92.302322
1400585054 92.315197
1400585056 92.381716
1400585058 92.30876
1400585060 92.358112
1400585062 91.437578
1400585065 91.17794
1400585067 92.32378
1400585069 92.403173
1400585071 92.291594
1400585074 92.274427
1400585076 92.145681
1400585078 91.25948
1400585080 92.358112
1400585082 92.416048
1400585085 92.514753
1400585087 92.293739
1400585089 92.132807
1400585091 91.317415
1400585093 91.392517
1400585096 92.615604
1400585098 92.313051
1400585100 92.182159
1400585102 92.304468
1400585105 92.01479
1400585107 91.300249
1400585109 92.28301
1400585111 92.321634
1400585113 92.373133
1400585116 92.295885
1400585118 92.28301
1400585120 91.154337
1400585122 92.321634
1400585125 92.405319
1400585127 92.431068
1400585129 92.424631
1400585131 92.152119
1400585134 91.51268
1400585136 91.248751
1400585138 92.497587
1400585140 92.456818
1400585142 92.285156
1400585144 92.154264
1400585147 91.911793
1400585149 91.261625
1400585151 92.315197
1400585154 89.974165
1400585156 90.021372
1400585158 90.023518
1400585160 91.004133
1400585163 90.527773
1400585165 89.984894
1400585167 91.317415
1400585169 91.55345
1400585172 91.358185
1400585174 93.085527
1400585176 93.070507
1400585178 91.710091
1400585181 93.0233
1400585183 93.098402
1400585185 93.164921
1400585188 93.23144
1400585190 93.306541
1400585192 92.222929
1400585194 93.377352
1400585196 93.167067
1400585199 93.557596
1400585201 93.128443
1400585203 93.036175
1400585206 92.28301
1400585208 92.229366
1400585210 93.388081
1400585212 93.450308
1400585215 93.188524
1400585217 92.731476
1400585219 92.246532
1400585222 91.652155
1400585224 92.866659
1400585226 92.885971
1400585228 93.420267
1400585231 92.710018
1400585233 92.010498
1400585235 91.686487
1400585237 92.892408
1400585240 92.838764
1400585242 92.686415
1400585244 92.600584
1400585246 92.023373
1400585249 90.776682
1400585251 91.096401
1400585253 91.265917
1400585255 91.300249
1400585258 91.169357
1400585260 91.102839
1400585262 90.025663
1400585265 91.317415
1400585267 91.272354
1400585269 90.023518
1400585271 89.935541
1400585274 89.828253
1400585276 89.053631
1400585278 89.806795
1400585281 89.690924
1400585283 87.84771
1400585285 87.761879
1400585287 87.836981
1400585289 88.296175
1400585292 87.809086
1400585294 88.839054
1400585296 89.718819
1400585299 89.399099
1400585301 89.461327
1400585303 90.094328
1400585305 89.615822
1400585307 90.860367
1400585310 90.862513
1400585312 90.598583
1400585314 90.662956
1400585317 90.581417
1400585319 89.504242
1400585321 90.265989
1400585323 90.7166
1400585326 90.914011
1400585328 90.748787
1400585330 91.317415
1400585333 90.16943
1400585335 89.594364
1400585337 90.770245
1400585339 90.929031
1400585342 90.613604
1400585344 90.538502
1400585346 89.742422
1400585348 89.158773
1400585351 90.162992
1400585353 90.293884
1400585355 90.272427
1400585357 90.12866
1400585360 90.242386
1400585362 89.212418
1400585364 89.635134
1400585367 90.285301
1400585369 90.216637
1400585371 90.087891
1400585373 89.918375
1400585376 88.319778
1400585378 87.618113
1400585380 89.319706
1400585382 88.976383
1400585385 88.920593
1400585387 88.963509
1400585389 88.72962
1400585392 87.779045
1400585394 88.560104
1400585396 87.920666
1400585398 87.776899
1400585400 87.615967
1400585403 87.712526
1400585405 86.618185
1400585407 86.843491
1400585410 87.871313
1400585412 87.828398
1400585414 87.581635
1400585416 87.661028
1400585419 86.298466
1400585421 84.257841
1400585423 85.590363
1400585425 85.609674
1400585428 85.395098
1400585430 86.611748
1400585432 86.246967
1400585434 85.480928
1400585437 86.650372
1400585439 87.371349
1400585441 89.171648
1400585444 88.881969
1400585446 88.032246
1400585448 87.167501
1400585450 86.708307
1400585452 88.171721
1400585455 88.304758
1400585457 87.931395
1400585459 88.053703
1400585462 87.691069
1400585464 86.791992
1400585466 88.579416
1400585468 88.070869
1400585471 88.1567
1400585473 88.137388
1400585475 88.19747
1400585478 87.126732
1400585480 87.103128
1400585482 88.397026
1400585484 87.686777
1400585486 87.626696
1400585489 87.845564
1400585491 86.710453
1400585493 86.491585
1400585496 88.643789
1400585498 87.753296
1400585500 88.997841
1400585502 87.774754
1400585505 87.628841
1400585507 86.493731
1400585509 87.832689
1400585511 87.886333
1400585514 86.991549
1400585516 87.899208
1400585518 86.618185
1400585521 85.560322
1400585523 86.723328
1400585525 87.628841
1400585527 86.693287
1400585530 86.498022
1400585532 86.70187
1400585534 85.068941
1400585536 84.199905
1400585539 85.545301
1400585541 85.420847
1400585543 85.330725
1400585545 85.427284
1400585548 85.483074
1400585550 85.521698
1400585552 86.914301
1400585555 85.631132
1400585557 85.536718
1400585559 85.455179
1400585561 85.4702
1400585564 84.496021
1400585566 84.150553
1400585568 85.603237
1400585570 85.55603
1400585573 85.380077
1400585575 85.50024
1400585577 84.52177
1400585579 81.998348
1400585582 83.279371
1400585584 83.517551
1400585586 83.088398
1400585589 83.232164
1400585591 83.23431
1400585593 83.139896
1400585595 85.530281
1400585597 84.478855
1400585600 85.410118
1400585602 84.719181
1400585604 85.693359
1400585607 84.944487
1400585609 85.489511
1400585611 85.699797
1400585613 85.435867
1400585616 85.461617
1400585618 84.654808
1400585620 83.923101
1400585623 85.631132
1400585625 85.903645
1400585627 86.95507
1400585629 85.950851
1400585632 85.216999
1400585634 84.120512
1400585636 85.455179
1400585638 85.663319
1400585641 85.785627
1400585643 85.656881
1400585645 85.714817
1400585647 84.440231
1400585650 83.693504
1400585652 85.350037
1400585654 85.345745
1400585656 85.365057
1400585659 85.343599
1400585661 84.459543
1400585663 83.781481
1400585666 85.350037
1400585668 85.345745
1400585670 85.360765
1400585672 85.268497
1400585675 85.530281
1400585677 83.466053
1400585679 84.98311
1400585682 84.860802
1400585684 84.766388
1400585686 84.459543
1400585688 84.425211
1400585690 84.431648
1400585693 82.931757
1400585695 84.549665
1400585697 83.382368
1400585700 83.423138
1400585702 83.225727
1400585704 82.92532
1400585706 81.672192
1400585708 82.976818
1400585711 83.354473
1400585713 83.358765
1400585715 83.21929
1400585718 83.217144
1400585720 80.687284
1400585722 80.077887
1400585724 80.994129
1400585727 81.077814
1400585729 80.9834
1400585731 82.152843
1400585734 81.586361
1400585736 80.592871
1400585738 82.839489
1400585740 82.70216
1400585743 84.225655
1400585745 82.888842
1400585747 82.566977
1400585749 81.386805
1400585752 82.082033
1400585754 82.852364
1400585756 82.993984
1400585758 82.878113
1400585761 82.918882
1400585763 81.434011
1400585765 81.50053
1400585767 83.12273
1400585770 83.0369
1400585772 83.060503
1400585774 82.991838
1400585777 82.270861
1400585779 81.517696
1400585781 82.82876
1400585783 83.142042
1400585786 82.766533
1400585788 82.682848
1400585790 82.446814
1400585793 81.225872
1400585795 81.685066
1400585797 83.4167
1400585799 83.384514
1400585801 82.854509
1400585804 82.734346
1400585806 81.521988
1400585808 81.090689
1400585811 82.747221
1400585813 82.860947
1400585815 82.242966
1400585817 83.485365
1400585819 81.933975
1400585822 80.8568
1400585824 82.215071
1400585826 82.212925
1400585829 82.270861
1400585831 82.163572
1400585833 81.970453
1400585835 79.773188
1400585838 79.629421
1400585840 81.032753
1400585842 81.045628
1400585845 80.936193
1400585847 80.910444
1400585849 79.837561
1400585851 79.369783
1400585854 80.934048
1400585856 81.043482
1400585858 81.052065
1400585860 80.955505
1400585863 80.87182
1400585865 79.414845
1400585867 78.655243
1400585869 78.680992
1400585872 78.833342
1400585874 79.867601
1400585876 79.843998
1400585878 78.402042
1400585881 79.013586
1400585883 80.305338
1400585885 81.309557
1400585888 80.133677
1400585890 80.378294
1400585892 79.316139
1400585894 78.683138
1400585897 80.15728
1400585899 80.225945
1400585901 80.215216
1400585904 80.318213
1400585906 79.940557
1400585908 78.723907
1400585910 83.105564
1400585912 80.243111
1400585915 80.524206
1400585917 80.464125
1400585919 80.382586
1400585922 79.447031
1400585924 78.64666
1400585926 80.067158
1400585929 80.326796
1400585931 80.313921
1400585933 80.223799
1400585935 79.206705
1400585937 78.640223
1400585939 80.152988
1400585942 80.195904
1400585944 80.363274
1400585946 79.938412
1400585948 78.552246
1400585951 78.449249
1400585953 80.337524
1400585955 80.067158
1400585957 80.389023
1400585960 80.710888
1400585962 80.708742
1400585964 78.161716
1400585966 80.017805
1400585969 79.994202
1400585971 80.129385
1400585973 79.867601
1400585976 79.541445
1400585978 78.238964
1400585980 78.902006
1400585982 78.820467
1400585984 78.796864
1400585987 78.629494
1400585990 78.678846
1400585991 77.108145
1400585994 74.657679
1400585996 76.442957
1400585998 76.57814
1400586000 76.535225
1400586003 76.46656
1400586005 76.717615
1400586007 75.728416
1400586009 77.623129
1400586012 78.490019
1400586014 79.271078
1400586016 79.05221
1400586018 77.623129
1400586021 76.494455
1400586023 77.659607
1400586025 77.970743
1400586028 78.039408
1400586030 77.728271
1400586032 77.784061
1400586034 76.76053
1400586037 75.889349
1400586039 77.887058
1400586041 80.644369
1400586043 80.159426
1400586046 79.996347
1400586048 78.359127
1400586050 76.884985
1400586053 78.597307
1400586055 78.75824
1400586057 78.657389
1400586059 78.616619
1400586061 78.517914
1400586064 77.288389
1400586066 78.000784
1400586068 78.545809
1400586071 79.097271
1400586073 77.833414
1400586075 77.857018
1400586077 76.644659
1400586080 75.940847
1400586082 77.728271
1400586084 77.85058
1400586087 77.655315
1400586089 78.831196
1400586091 77.241182
1400586093 76.039553
1400586095 77.616692
1400586098 77.762604
1400586100 78.18532
1400586102 77.625275
1400586105 77.689648
1400586107 75.876474
1400586109 75.664043
1400586111 76.404333
1400586114 74.271441
1400586116 74.138403
1400586118 74.2414
1400586120 74.642658
1400586123 73.803663
1400586125 75.359344
1400586127 76.50733
1400586130 75.844288
1400586132 77.125311
1400586134 75.848579
1400586136 73.677063
1400586139 74.745655
1400586141 75.312138
1400586143 75.269222
1400586145 75.110435
1400586148 75.279951
1400586150 73.644876
1400586152 73.898077
1400586154 75.252056
1400586157 75.719833
1400586159 76.807737
1400586161 75.953722
1400586164 74.638367
1400586166 73.529005
1400586168 75.254202
1400586170 75.505257
1400586173 75.340033
1400586175 75.237036
1400586177 74.936628
1400586180 73.520422
1400586182 74.355125
1400586184 75.47307
1400586186 75.303555
1400586188 75.202703
1400586191 75.312138
1400586193 73.586941
1400586195 73.625565
1400586198 75.27566
1400586200 75.378656
1400586202 75.247765
1400586204 76.63393
1400586206 75.054646
1400586209 73.606253
1400586211 75.443029
1400586213 75.522423
1400586216 75.335741
1400586218 75.196266
1400586220 74.975252
1400586222 72.962523
1400586225 73.03977
1400586227 73.895931
1400586229 72.121382
1400586232 71.851015
1400586234 71.999073
1400586236 71.835995
1400586238 71.342468
1400586241 72.820902
1400586243 74.923754
1400586245 74.40877
1400586247 75.114727
1400586250 74.267149
1400586252 72.936773
1400586254 74.162006
1400586256 74.460268
1400586259 74.694157
1400586261 74.490309
1400586263 74.711323
1400586265 72.775841
1400586268 72.516203
1400586270 74.483871
1400586272 74.610472
1400586275 75.046062
1400586277 74.818611
1400586279 73.473215
1400586281 73.076248
1400586284 74.66197
1400586286 75.204849
1400586288 74.162006
1400586291 74.335814
1400586293 72.651386
1400586295 74.895859
1400586297 75.01173
1400586299 74.78857
1400586302 74.458122
1400586304 74.936628
1400586306 73.254347
1400586309 72.876692
1400586311 73.784351
1400586313 74.346542
1400586315 74.086905
1400586318 73.971033
1400586320 73.910952
1400586322 71.619272
1400586324 73.623419
1400586327 73.62771
1400586329 73.567629
1400586331 73.320866
1400586333 73.273659
1400586336 71.801662
1400586338 74.299335
1400586340 74.372292
1400586343 73.760748
1400586345 74.127674
1400586347 73.33374
1400586349 72.43681
1400586352 71.687937
1400586354 74.385166
1400586356 74.299335
1400586358 74.14484
1400586361 73.998928
1400586363 73.717833
1400586365 72.142839
1400586367 74.207067
1400586370 74.329376
1400586372 74.101925
1400586374 74.03326
1400586376 74.041843
1400586379 72.503328
1400586381 73.496819
1400586383 74.245691
1400586385 73.853016
1400586388 73.393822
1400586390 73.958158
1400586393 72.775841
1400586395 72.26944
