110.092878 19
110.174417 19
110.037088 19
110.37612 19
110.807419 19
111.315966 19
111.955404 19
113.736391 19
115.854263 19
115.929365 19
115.714788 19
109.18951 19
109.768867 19
110.466242 19
109.70664 19
106.869936 18
107.140303 18
107.691765 18
107.698202 18
109.07793 18
109.365463 18
110.230207 18
112.43391 18
112.989664 18
113.054037 18
109.198093 18
107.054472 18
108.095169 18
106.848478 18
107.011557 18
105.043888 17
106.131792 17
105.563164 17
106.975079 17
107.702494 17
106.975079 17
108.805418 17
110.961914 17
110.590696 17
110.931873 17
108.820438 17
105.267048 17
105.917215 17
104.739189 17
102.696419 16
103.089094 16
102.591276 16
104.142666 16
104.704857 16
104.850769 16
107.372046 16
108.06942 16
107.494354 16
107.041597 16
103.213549 16
104.18129 16
104.168415 16
102.578402 16
100.235224 15
100.544214 15
100.750208 15
100.722313 15
101.913214 15
101.788759 15
103.850842 15
105.391502 15
105.297089 15
105.039597 15
99.906921 15
99.6387 15
102.014065 15
100.346804 15
98.083019 14
98.095894 14
98.314762 14
99.057198 14
99.548578 14
100.962639 14
102.453947 14
102.365971 14
102.271557 14
101.786613 14
97.377062 14
98.992825 14
98.289013 14
95.932961 13
95.969439 13
95.932961 13
96.874952 13
96.720457 13
100.012064 13
100.222349 13
99.909067 13
99.919796 13
94.960928 13
95.829964 13
96.407175 13
95.763445 13
92.810869 12
94.023228 12
94.18416 12
95.941544 12
95.714092 12
97.385645 12
96.735477 12
97.553015 12
94.094038 12
93.973875 12
94.763517 12
93.300104 12
93.09411 12
90.808868 11
91.244459 11
90.763807 11
93.701363 11
93.900919 11
94.81287 11
94.398737 11
94.561815 11
90.86895 11
91.817379 11
92.340946 11
91.467619 11
88.781118 10
89.113712 10
89.823961 10
90.066433 10
91.519117 10
92.038393 10
91.755152 10
90.11364 10
88.083744 10
89.851856 10
89.087963 10
88.999987 10
86.227655 9
85.959435 9
86.766243 9
88.469982 9
89.047194 9
89.109421 9
89.081526 9
88.736057 9
85.860729 9
87.113857 9
87.912083 9
86.480856 9
84.105492 8
84.180593 8
84.144115 8
85.680485 8
86.620331 8
86.899281 8
86.35211 8
85.489511 8
83.684921 8
85.242748 8
84.588289 8
81.839561 7
81.341743 7
81.998348 7
83.410263 7
83.813667 7
85.07967 7
83.519697 7
83.221436 7
81.212997 7
82.976818 7
82.579851 7
79.406261 6
79.138041 6
80.663681 6
81.434011 6
81.363201 6
81.42972 6
80.89757 6
79.01144 6
80.15728 6
80.743074 6
80.00493 6
77.387094 5
77.736855 5
77.94714 5
78.25613 5
78.444958 5
78.77326 5
77.43001 5
77.535152 5
77.608109 5
77.041626 5
75.410843 4
76.037407 4
76.361418 4
74.895859 4
74.048281 4
76.043844 4
75.400114 4
75.621128 4
76.518059 4
74.988127 4
