109.640121 19
110.080004
109.835386
109.665871
111.762285
111.341715
112.528324
115.279198
115.483046
115.890741
115.500212
109.972715
109.663725
110.401869
109.298944 18
109.298944
109.695911
110.067129
109.942675
111.088514
111.240864
112.051964
114.169836
115.487337
115.455151
116.268396
110.356808
110.243082
109.331131
109.612226 17
109.612226
110.122919
109.957695
110.067129
111.715078
111.794472
112.646341
115.234137
115.31353
115.455151
110.569239
109.545708
109.060764
109.573603 16
109.573603
109.882593
110.080004
110.148668
111.185074
110.90827
113.946676
114.925146
114.865065
114.968061
111.268759
110.120773
110.275269
109.687328 15
109.687328
110.356808
109.674454
109.901905
111.906052
112.652779
113.487482
114.442348
114.247084
114.030361
109.569311
109.895468
109.659433
109.281778 14
109.281778
109.831095
110.058546
111.654997
110.976934
113.126993
113.839388
113.63554
113.976717
109.601498
109.633684
109.730244
109.268904 13
109.268904
110.131502
110.02636
111.414671
112.131357
113.843679
113.659143
113.609791
109.766722
110.625029
109.541416
109.743118
109.225988 12
109.225988
109.76243
109.931946
112.056255
111.880302
113.912344
113.504648
113.184929
110.062838
110.183001
109.543562
110.292435 11
110.292435
109.9298
109.537125
111.685038
112.395287
113.504648
113.15918
113.041162
109.193802
110.324621
109.517813
109.640121 10
109.640121
110.039234
109.526396
110.627174
112.725735
112.76865
112.762213
110.635757
109.730244
109.056473
109.730244 9
109.730244
109.899759
109.880447
110.642195
111.736536
112.54549
112.29229
110.594988
109.856844
109.541416
109.438419 8
109.438419
109.779596
109.893322
111.453295
111.796618
111.811638
111.526251
109.884739
110.474825
109.575748
109.665871
109.161615 7
109.161615
109.680891
110.303164
111.530542
111.466169
111.882448
111.796618
109.195948
109.440565
109.612226
109.69162 6
109.69162
109.880447
110.616446
110.728025
110.931873
110.961914
110.221624
110.030651
110.183001
109.507084 5
109.507084
109.919071
110.049963
110.8675
110.500574
110.183001
109.773159
110.037088
109.755993
109.599352 4
109.599352
109.88903
110.275269
110.234499
110.170126
110.382557
109.670162
110.483408
109.206676
