1400582652 108.380556
1400582654 109.826803
1400582656 108.030796
1400582658 108.202457
1400582660 108.436346
1400582663 108.442783
1400582665 109.266758
1400582667 108.421326
1400582670 109.365463
1400582672 109.13372
1400582674 110.371828
1400582676 110.873938
1400582679 109.640121
1400582681 110.080004
1400582683 109.835386
1400582685 109.665871
1400582688 111.762285
1400582690 111.341715
1400582692 112.528324
1400582694 115.279198
1400582697 115.483046
1400582699 115.890741
1400582701 115.500212
1400582703 109.972715
1400582706 109.663725
1400582708 110.401869
1400582710 110.961914
1400582713 109.298944
1400582715 109.695911
1400582717 110.067129
1400582719 109.942675
1400582722 111.088514
1400582724 111.240864
1400582726 112.051964
1400582728 114.169836
1400582731 115.487337
1400582733 115.455151
1400582735 116.268396
1400582737 110.356808
1400582740 110.243082
1400582742 109.331131
1400582744 109.065056
1400582746 109.612226
1400582749 110.122919
1400582751 109.957695
1400582753 110.067129
1400582755 111.715078
1400582758 111.794472
1400582760 112.646341
1400582762 115.234137
1400582765 115.31353
1400582767 115.455151
1400582769 110.569239
1400582771 109.545708
1400582774 109.060764
1400582776 109.479189
1400582778 109.573603
1400582780 109.882593
1400582783 110.080004
1400582785 110.148668
1400582787 111.185074
1400582789 110.90827
1400582792 113.946676
1400582794 114.925146
1400582796 114.865065
1400582798 114.968061
1400582801 111.268759
1400582803 110.120773
1400582805 110.275269
1400582807 109.532833
1400582810 109.687328
1400582812 110.356808
1400582814 109.674454
1400582816 109.901905
1400582819 111.906052
1400582821 112.652779
1400582823 113.487482
1400582826 114.442348
1400582828 114.247084
1400582830 114.030361
1400582832 109.569311
1400582834 109.895468
1400582837 109.659433
1400582839 109.425545
1400582841 109.281778
1400582844 109.831095
1400582846 110.058546
1400582848 111.654997
1400582850 110.976934
1400582853 113.126993
1400582855 113.839388
1400582857 113.63554
1400582859 113.976717
1400582862 109.601498
1400582864 109.633684
1400582866 109.730244
1400582868 109.498501
1400582871 109.268904
1400582873 110.131502
1400582875 110.02636
1400582877 111.414671
1400582880 112.131357
1400582882 113.843679
1400582884 113.659143
1400582887 113.609791
1400582889 109.766722
1400582891 110.625029
1400582893 109.541416
1400582895 109.743118
1400582898 109.225988
1400582900 109.76243
1400582902 109.931946
1400582905 112.056255
1400582907 111.880302
1400582909 113.912344
1400582911 113.504648
1400582913 113.184929
1400582916 110.062838
1400582918 110.183001
1400582920 109.543562
1400582923 109.500647
1400582925 110.292435
1400582927 109.9298
1400582929 109.537125
1400582932 111.685038
1400582934 112.395287
1400582936 113.504648
1400582938 113.15918
1400582941 113.041162
1400582943 109.193802
1400582945 110.324621
1400582947 109.517813
1400582950 109.58004
1400582952 109.640121
1400582954 110.039234
1400582956 109.526396
1400582959 110.627174
1400582961 112.725735
1400582963 112.76865
1400582966 112.762213
1400582968 110.635757
1400582970 109.730244
1400582972 109.056473
1400582975 109.59506
1400582977 109.730244
1400582979 109.899759
1400582982 109.880447
1400582984 110.642195
1400582986 111.736536
1400582988 112.54549
1400582991 112.29229
1400582993 110.594988
1400582995 109.856844
1400582997 109.541416
1400583000 109.122992
1400583002 109.438419
1400583004 109.779596
1400583006 109.893322
1400583009 111.453295
1400583011 111.796618
1400583013 111.811638
1400583016 111.526251
1400583018 109.884739
1400583020 110.474825
1400583022 109.575748
1400583024 109.665871
1400583027 109.161615
1400583029 109.680891
1400583031 110.303164
1400583034 111.530542
1400583036 111.466169
1400583038 111.882448
1400583040 111.796618
1400583043 109.195948
1400583045 109.440565
1400583047 109.612226
1400583050 109.378338
1400583052 109.69162
1400583054 109.880447
1400583056 110.616446
1400583059 110.728025
1400583061 110.931873
1400583063 110.961914
1400583065 110.221624
1400583068 110.030651
1400583070 110.183001
1400583072 109.116554
1400583074 109.507084
1400583077 109.919071
1400583079 110.049963
1400583081 110.8675
1400583084 110.500574
1400583086 110.183001
1400583088 109.773159
1400583090 110.037088
1400583093 109.755993
1400583095 109.571457
1400583097 109.599352
1400583099 109.88903
1400583102 110.275269
1400583104 110.234499
1400583106 110.170126
1400583109 110.382557
1400583111 109.670162
1400583113 110.483408
1400583115 109.206676
1400583117 109.333277
1400583120 110.092878
1400583122 110.174417
1400583125 110.037088
1400583127 110.37612
1400583129 110.807419
1400583131 111.315966
1400583133 111.955404
1400583136 113.736391
1400583138 115.854263
1400583140 115.929365
1400583143 115.714788
1400583145 109.18951
1400583147 109.768867
1400583149 110.466242
1400583151 109.70664
1400583154 109.56502
1400583156 109.504938
1400583158 109.135866
1400583161 109.607935
1400583163 109.618664
1400583165 108.517885
1400583167 108.40416
1400583170 108.311892
1400583172 108.022213
1400583174 107.964277
1400583177 108.597279
1400583179 108.361244
1400583181 108.406305
1400583183 108.410597
1400583186 108.030796
1400583188 108.344078
1400583190 108.36339
1400583192 108.389139
1400583195 108.393431
1400583197 108.331203
1400583199 107.932091
1400583202 108.011484
1400583204 108.32262
1400583206 108.354807
1400583208 108.346224
1400583211 108.374119
1400583213 108.073711
1400583215 107.99861
1400583217 108.356953
1400583220 108.399868
1400583222 108.402014
1400583224 108.331203
1400583226 108.14023
1400583229 107.964277
1400583231 108.393431
1400583233 108.339787
1400583236 108.541489
1400583238 108.311892
1400583240 108.393431
1400583242 108.189583
1400583244 107.95784
1400583247 108.4342
1400583249 108.386993
1400583252 108.423471
1400583254 108.384848
1400583256 108.127356
1400583258 107.981443
1400583260 108.410597
1400583263 108.329058
1400583265 108.341932
1400583267 108.318329
1400583270 108.3076
1400583272 108.02865
1400583274 108.346224
1400583276 108.356953
1400583278 108.326912
1400583281 108.414888
1400583283 108.299017
1400583285 108.047962
1400583288 108.200312
1400583290 108.371973
1400583292 108.369827
1400583294 108.3076
1400583297 108.333349
1400583299 108.183146
1400583301 107.919216
1400583304 108.335495
1400583306 108.34837
1400583308 108.305454
1400583310 108.367682
1400583313 108.356953
1400583315 107.985735
1400583317 108.258247
1400583319 108.316183
1400583322 108.359098
1400583324 108.333349
1400583326 108.374119
1400583328 108.050108
1400583331 108.181
1400583333 108.333349
1400583335 108.354807
1400583338 108.376265
1400583340 108.339787
1400583342 108.335495
1400583344 107.910633
1400583347 108.326912
1400583349 108.288288
1400583351 108.352661
1400583353 108.281851
1400583356 108.524323
1400583358 107.869864
1400583360 108.198166
1400583363 108.376265
1400583365 108.361244
1400583367 108.354807
1400583369 108.337641
1400583371 108.045816
1400583374 108.01363
1400583376 108.380556
1400583379 108.303308
1400583381 108.37841
1400583383 108.384848
1400583385 108.086586
1400583387 107.983589
1400583390 108.247519
1400583392 108.369827
1400583394 108.333349
1400583397 108.382702
1400583399 108.331203
1400583401 108.039379
1400583403 108.135939
1400583405 108.337641
1400583408 108.333349
1400583410 108.339787
1400583412 108.37841
1400583415 105.906487
1400583417 105.58033
1400583419 106.091022
1400583421 106.642485
1400583424 107.292652
1400583426 107.136011
1400583428 106.869936
1400583431 107.140303
1400583433 107.691765
1400583435 107.698202
1400583437 109.07793
1400583439 109.365463
1400583442 110.230207
1400583445 112.43391
1400583447 112.989664
1400583450 113.054037
1400583453 109.198093
1400583454 107.054472
1400583457 108.095169
1400583459 106.848478
1400583461 107.011557
1400583463 107.271194
1400583466 107.249737
1400583468 107.196093
1400583470 103.762865
1400583473 103.468895
1400583475 103.687763
1400583477 104.72846
1400583479 104.988098
1400583482 104.910851
1400583484 105.043888
1400583486 106.131792
1400583488 105.563164
1400583491 106.975079
1400583493 107.702494
1400583495 106.975079
1400583498 108.805418
1400583500 110.961914
1400583502 110.590696
1400583504 110.931873
1400583507 108.820438
1400583509 105.267048
1400583511 105.917215
1400583513 104.739189
1400583516 103.417397
1400583518 101.737261
1400583520 102.04196
1400583522 102.16856
1400583525 102.166414
1400583527 101.76301
1400583529 101.393938
1400583531 102.063417
1400583534 102.162123
1400583536 102.211475
1400583538 102.166414
1400583541 102.114916
1400583543 101.389647
1400583545 101.732969
1400583547 102.174997
1400583549 102.162123
1400583552 102.230787
1400583557 102.125645
1400583559 101.584911
1400583560 102.129936
1400583562 102.179289
1400583564 102.106333
1400583567 102.142811
1400583569 102.016211
1400583571 101.404667
1400583573 101.376772
1400583576 102.119207
1400583578 102.159977
1400583580 102.121353
1400583583 101.486206
1400583585 100.93689
1400583587 100.726604
1400583589 102.501154
1400583592 102.655649
1400583594 102.591276
1400583596 102.696419
1400583598 103.089094
1400583601 102.591276
1400583603 104.142666
1400583605 104.704857
1400583608 104.850769
1400583610 107.372046
1400583612 108.06942
1400583614 107.494354
1400583617 107.041597
1400583619 103.213549
1400583621 104.18129
1400583623 104.168415
1400583626 102.578402
1400583628 102.067709
1400583630 101.870298
1400583632 102.70071
1400583635 102.754354
1400583637 102.162123
1400583639 101.346731
1400583641 101.449728
1400583644 100.724459
1400583646 101.209402
1400583648 101.391792
1400583650 101.325274
1400583653 101.370335
1400583655 101.627827
1400583657 101.353168
1400583660 100.647211
1400583662 101.391792
1400583664 101.099968
1400583666 99.097967
1400583669 99.012136
1400583671 99.158049
1400583673 99.531412
1400583675 100.312471
1400583679 100.235224
1400583680 100.544214
1400583682 100.750208
1400583684 100.722313
1400583687 101.913214
1400583689 101.788759
1400583691 103.850842
1400583694 105.391502
1400583696 105.297089
1400583698 105.039597
1400583700 99.906921
1400583703 99.6387
1400583705 102.014065
1400583707 100.346804
1400583710 100.209475
1400583712 100.046396
1400583714 100.233078
1400583716 99.60866
1400583718 100.065708
1400583721 99.471331
1400583723 99.061489
1400583725 98.915577
1400583728 99.097967
1400583730 98.381281
1400583732 99.413395
1400583734 99.95842
1400583737 99.887609
1400583739 99.763155
1400583741 99.919796
1400583744 99.690199
1400583746 99.070072
1400583748 99.793196
1400583750 99.919796
1400583752 98.915577
1400583755 97.462893
1400583757 97.050905
1400583759 96.932888
1400583762 97.546577
1400583764 98.027229
1400583766 98.083019
1400583768 98.095894
1400583771 98.314762
1400583773 99.057198
1400583775 99.548578
1400583778 100.962639
1400583780 102.453947
1400583782 102.365971
1400583784 102.271557
1400583787 101.786613
1400583789 97.377062
1400583791 98.992825
1400583793 98.289013
1400583796 97.977877
1400583798 97.711802
1400583800 97.791195
1400583802 97.39852
1400583805 97.28694
1400583807 96.85564
1400583809 96.731186
1400583811 96.709728
1400583814 96.76981
1400583816 96.544504
1400583818 95.999479
1400583821 97.746134
1400583823 96.96722
1400583825 96.810579
1400583827 96.596003
1400583830 96.598148
1400583832 96.083164
1400583834 96.915722
1400583837 96.990824
1400583839 96.849203
1400583841 96.529484
1400583844 96.628189
1400583846 96.1411
1400583848 96.168995
1400583850 96.894264
1400583852 94.696999
1400583854 94.216347
1400583857 94.312906
1400583859 95.192671
1400583861 95.173359
1400583863 95.75057
1400583866 95.932961
1400583868 95.969439
1400583870 95.932961
1400583872 96.874952
1400583874 96.720457
1400583877 100.012064
1400583879 100.222349
1400583881 99.909067
1400583884 99.919796
1400583886 94.960928
1400583888 95.829964
1400583890 96.407175
1400583892 95.763445
1400583895 95.518827
1400583897 95.538139
1400583900 95.390081
1400583902 95.085382
1400583904 94.911575
1400583906 94.649792
1400583908 94.471693
1400583911 94.222784
1400583913 94.510317
1400583915 94.154119
1400583918 93.862295
1400583920 94.673395
1400583922 94.690561
1400583924 94.604731
1400583927 94.235659
1400583929 93.909502
1400583931 93.971729
1400583933 94.727039
1400583936 94.684124
1400583938 94.398737
1400583940 94.175577
1400583943 94.600439
1400583945 93.933105
1400583947 94.744205
1400583949 94.649792
1400583952 94.709873
1400583954 94.156265
1400583956 94.259262
1400583958 93.89019
1400583961 92.259407
1400583963 92.370987
1400583965 92.345238
1400583967 93.167067
1400583970 93.124151
1400583972 93.126297
1400583974 92.810869
1400583977 94.023228
1400583979 94.18416
1400583981 95.941544
1400583983 95.714092
1400583986 97.385645
1400583988 96.735477
1400583990 97.553015
1400583993 94.094038
1400583995 93.973875
1400583997 94.763517
1400583999 93.300104
1400584001 93.09411
1400584004 92.909575
1400584006 93.415976
1400584008 93.488932
1400584011 93.124151
1400584013 91.986895
1400584015 91.853857
1400584017 91.62426
1400584020 92.413902
1400584022 92.30876
1400584024 92.358112
1400584027 92.012644
1400584029 92.147827
1400584031 91.630697
1400584033 92.255116
1400584035 92.285156
1400584038 92.454672
1400584040 92.019081
1400584042 92.031956
1400584045 91.600657
1400584047 91.802359
1400584049 92.184305
1400584051 92.319489
1400584054 92.28301
1400584056 92.040539
1400584058 91.832399
1400584060 91.5277
1400584063 92.257261
1400584065 92.263699
1400584067 92.119932
1400584070 92.01479
1400584072 92.280865
1400584074 91.654301
1400584076 92.038393
1400584079 92.242241
1400584081 92.293739
1400584083 92.192888
1400584085 91.982603
1400584088 91.660738
1400584090 91.742277
1400584092 92.310905
1400584094 92.263699
1400584097 92.418194
1400584099 91.982603
1400584101 92.074871
1400584104 91.600657
1400584106 92.184305
1400584108 92.231512
1400584110 92.373133
1400584113 92.036247
1400584115 89.770317
1400584117 89.351892
1400584120 89.450598
1400584122 91.235876
1400584124 91.300249
1400584126 90.808868
1400584128 90.808868
1400584131 91.244459
1400584133 90.763807
1400584135 93.701363
1400584138 93.900919
1400584140 94.81287
1400584142 94.398737
1400584144 94.561815
1400584146 90.86895
1400584149 91.817379
1400584151 92.340946
1400584154 91.467619
1400584156 90.931177
1400584158 91.295958
1400584160 90.506315
1400584162 90.594292
1400584165 90.800285
1400584167 90.130806
1400584169 89.635134
1400584172 89.703798
1400584174 89.313269
1400584176 89.954853
1400584178 89.939833
1400584181 89.952707
1400584183 89.877605
1400584185 89.693069
1400584187 90.126514
1400584190 89.19096
1400584192 90.111494
1400584194 89.881897
1400584197 90.004206
1400584199 89.609385
1400584201 89.886189
1400584203 89.19096
1400584206 89.233875
1400584208 89.965582
1400584210 90.075016
1400584212 89.774609
1400584215 87.530136
1400584217 87.05163
1400584219 86.875677
1400584221 88.701725
1400584224 88.948488
1400584226 88.787556
1400584228 88.781118
1400584231 89.113712
1400584233 89.823961
1400584235 90.066433
1400584237 91.519117
1400584240 92.038393
1400584242 91.755152
1400584244 90.11364
1400584247 88.083744
1400584249 89.851856
1400584251 89.087963
1400584253 88.999987
1400584255 89.004278
1400584258 88.433504
1400584260 88.077307
1400584262 88.128805
1400584265 88.884115
1400584267 87.708235
1400584269 87.579489
1400584271 87.349892
1400584273 87.532282
1400584276 87.813377
1400584278 87.678194
1400584280 87.708235
1400584283 87.521553
1400584285 87.369204
1400584287 87.412119
1400584289 87.367058
1400584292 87.452888
1400584294 87.768316
1400584296 87.779045
1400584299 87.854147
1400584301 87.264061
1400584303 86.70187
1400584305 84.654808
1400584308 85.538864
1400584310 85.598946
1400584312 86.946487
1400584314 86.562395
1400584317 86.227655
1400584319 85.959435
1400584321 86.766243
1400584323 88.469982
1400584326 89.047194
1400584328 89.109421
1400584330 89.081526
1400584333 88.736057
1400584335 85.860729
1400584337 87.113857
1400584339 87.912083
1400584342 86.480856
1400584344 86.261988
1400584346 86.395025
1400584348 85.968018
1400584351 86.626768
1400584353 86.532354
1400584355 85.639715
1400584358 85.311413
1400584360 85.253477
1400584362 84.697723
1400584364 85.0389
1400584367 86.216927
1400584369 85.594654
1400584371 85.193396
1400584374 85.148335
1400584376 84.772825
1400584378 84.712744
1400584380 85.38866
1400584382 85.487366
1400584385 85.37364
1400584387 85.193396
1400584389 84.873676
1400584392 84.605455
1400584394 85.33287
1400584396 85.510969
1400584398 85.313559
1400584400 85.232019
1400584403 85.510969
1400584405 84.663391
1400584407 84.875822
1400584410 85.459471
1400584412 85.603237
1400584414 85.459471
1400584416 85.092545
1400584419 84.611893
1400584421 84.637642
1400584423 85.37364
1400584426 85.4702
1400584428 85.319996
1400584430 85.053921
1400584432 85.204124
1400584435 84.736347
1400584437 85.350037
1400584439 85.453033
1400584441 85.588217
1400584444 85.236311
1400584446 85.092545
1400584448 84.586143
1400584451 84.624767
1400584453 85.420847
1400584455 85.487366
1400584457 85.474491
1400584460 85.118294
1400584462 84.972382
1400584464 84.571123
1400584466 85.41441
1400584469 85.519552
1400584471 85.590363
1400584473 85.090399
1400584475 85.242748
1400584478 84.669828
1400584480 85.367203
1400584482 85.510969
1400584485 85.622549
1400584487 85.232019
1400584489 83.058357
1400584491 82.468271
1400584494 82.268715
1400584496 84.279299
1400584498 84.453106
1400584501 84.069014
1400584503 84.105492
1400584505 84.180593
1400584507 84.144115
1400584510 85.680485
1400584512 86.620331
1400584514 86.899281
1400584516 86.35211
1400584519 85.489511
1400584521 83.684921
1400584523 85.242748
1400584525 84.588289
1400584528 84.508896
1400584530 84.073305
1400584532 84.219217
1400584534 83.485365
1400584537 84.118366
1400584539 83.283663
1400584541 83.277225
1400584543 83.009005
1400584546 82.933903
1400584548 82.536936
1400584550 82.124949
1400584553 83.058357
1400584555 83.210707
1400584557 82.948923
1400584559 82.976818
1400584561 83.009005
1400584564 82.189322
1400584566 83.112001
1400584568 83.217144
1400584571 83.367348
1400584573 83.075523
1400584575 82.906008
1400584577 82.573414
1400584580 82.730055
1400584582 83.17852
1400584584 83.266497
1400584587 83.292246
1400584589 82.818031
1400584591 82.442522
1400584593 79.983473
1400584596 80.788136
1400584598 81.060648
1400584600 81.985474
1400584602 82.118511
1400584605 81.839561
1400584607 81.341743
1400584609 81.998348
1400584611 83.410263
1400584614 83.813667
1400584616 85.07967
1400584618 83.519697
1400584621 83.221436
1400584623 81.212997
1400584625 82.976818
1400584627 82.579851
1400584630 82.152843
1400584632 81.758022
1400584634 81.747293
1400584636 81.515551
1400584639 81.944704
1400584641 80.964088
1400584643 81.026316
1400584646 80.579996
1400584648 80.614328
1400584650 80.075741
1400584652 80.352545
1400584654 80.880404
1400584657 81.118584
1400584659 80.695868
1400584662 80.655098
1400584664 80.058575
1400584666 79.839706
1400584668 80.783844
1400584670 80.951214
1400584673 80.854654
1400584675 80.704451
1400584677 80.807447
1400584680 79.843998
1400584682 80.828905
1400584684 80.929756
1400584686 81.028461
1400584688 80.766678
1400584691 80.659389
1400584693 79.867601
1400584695 80.112219
1400584698 80.934048
1400584700 81.060648
1400584702 80.695868
1400584704 80.738783
1400584707 80.150843
1400584709 79.871893
1400584711 80.661535
1400584714 80.925465
1400584716 80.663681
1400584718 80.702305
1400584720 80.393314
1400584723 79.987764
1400584725 80.796719
1400584727 80.936193
1400584729 81.067085
1400584732 81.00915
1400584734 80.92761
1400584736 80.069304
1400584739 79.929829
1400584744 80.919027
1400584745 81.067085
1400584746 80.906153
1400584748 80.680847
1400584750 79.876184
1400584752 77.601671
1400584754 78.294754
1400584757 78.625202
1400584759 79.577923
1400584761 79.841852
1400584764 79.406261
1400584766 79.138041
1400584768 80.663681
1400584770 81.434011
1400584772 81.363201
1400584775 81.42972
1400584777 80.89757
1400584779 79.01144
1400584782 80.15728
1400584784 80.743074
1400584786 80.00493
1400584788 80.058575
1400584791 79.597235
1400584793 79.27537
1400584795 79.170227
1400584798 79.575777
1400584800 78.721762
1400584802 78.839779
1400584804 78.341961
1400584807 78.404188
1400584809 77.620983
1400584811 79.088688
1400584813 78.562975
1400584816 78.635931
1400584818 78.402042
1400584820 78.414917
1400584822 77.85058
1400584825 77.979326
1400584827 78.528643
1400584829 78.723907
1400584832 78.376293
1400584834 76.133966
1400584836 75.936556
1400584838 75.33145
1400584841 77.387094
1400584843 78.01795
1400584845 77.805519
1400584847 77.387094
1400584850 77.736855
1400584852 77.94714
1400584854 78.25613
1400584856 78.444958
1400584859 78.77326
1400584861 77.43001
1400584863 77.535152
1400584865 77.608109
1400584868 77.041626
1400584870 77.402115
1400584872 77.633858
1400584875 77.357054
1400584877 77.384949
1400584879 76.955795
1400584881 75.466633
1400584884 76.03097
1400584886 76.412916
1400584888 76.185465
1400584891 76.151133
1400584893 76.219797
1400584895 75.352907
1400584897 75.848579
1400584899 76.267004
1400584902 75.277805
1400584904 74.584723
1400584906 76.530933
1400584909 76.588869
1400584911 76.539516
1400584913 76.45154
1400584915 76.352835
1400584918 75.024605
1400584920 76.249838
1400584922 76.567411
1400584925 76.631784
1400584927 76.417208
1400584929 76.419353
1400584931 75.273514
1400584933 74.55039
1400584936 76.5481
1400584938 76.595306
1400584940 76.41077
1400584943 76.427937
1400584945 75.481653
1400584947 74.505329
1400584949 76.614618
1400584952 76.610327
1400584954 76.608181
1400584956 76.479435
1400584959 76.483727
1400584961 74.531078
1400584963 75.861454
1400584965 76.539516
1400584968 76.539516
1400584970 76.425791
1400584972 76.481581
1400584974 75.565338
1400584977 74.558973
1400584979 76.593161
1400584981 76.556683
1400584983 76.5481
1400584986 76.421499
1400584988 75.582504
1400584990 74.543953
1400584993 76.267004
1400584995 74.363708
1400584997 74.138403
1400584999 74.260712
1400585002 73.953867
1400585004 73.657751
1400585006 74.625492
1400585008 75.455904
1400585011 75.410843
1400585013 76.037407
1400585015 76.361418
1400585018 74.895859
1400585020 74.048281
1400585022 76.043844
1400585024 75.400114
1400585026 75.621128
1400585029 76.518059
1400585031 74.988127
1400585033 73.539734
1400585036 75.588942
1400585038 75.385094
1400585040 75.601816
1400585042 75.40226
1400585045 74.31221
1400585047 72.447538
1400585049 72.84236
1400585052 74.348688
1400585054 74.239254
1400585056 74.769258
1400585058 74.245691
1400585060 73.561192
1400585063 72.387457
1400585065 74.359417
1400585067 74.318647
1400585070 74.226379
1400585072 74.219942
1400585074 73.550463
1400585076 72.350979
1400585079 74.344397
1400585081 74.226379
1400585083 74.224234
1400585086 74.166298
1400585088 74.095488
1400585090 72.636366
1400585092 72.389603
1400585095 74.400187
1400585097 74.258566
1400585099 74.209213
1400585101 73.346615
1400585104 71.481943
1400585106 70.070028
1400585108 72.295189
1400585111 73.629856
1400585113 74.670553
1400585115 74.183464
1400585117 72.945356
1400585120 72.035551
1400585122 73.664188
1400585124 74.198484
1400585126 74.067593
1400585129 73.61269
1400585131 73.327303
1400585133 70.306063
1400585136 70.121527
1400585138 72.149277
1400585140 72.018385
1400585142 71.988344
1400585145 72.078466
1400585147 71.198702
1400585149 70.035696
1400585152 72.108507
1400585154 72.059155
1400585156 71.900368
1400585159 72.024822
1400585161 70.990562
1400585163 70.001364
1400585165 72.108507
1400585168 72.140694
1400585170 71.891785
