3398.3 0.170848 3189.5 0.181711 4373.3 0.199341 4149.8 0.209507 18
4556.4 0.119821 3497.7 0.158162 4702.0 0.174494 4557.4 0.179882 17
4332.8 0.119976 3283.9 0.157024 4452.4 0.174110 4303.4 0.179603 16
4066.9 0.119759 3087.7 0.158191 4165.9 0.174455 4021.0 0.180979 15
3789.7 0.118881 2879.6 0.156449 3897.1 0.173939 3765.3 0.180277 14
3532.2 0.119015 2694.2 0.155403 3620.4 0.173119 3505.3 0.179574 13
3241.0 0.119446 2475.3 0.156068 3328.2 0.174335 3212.8 0.179984 12
2988.5 0.118564 2272.1 0.155955 3052.0 0.174485 2962.1 0.179374 11
2688.4 0.120246 2055.9 0.156602 2771.5 0.173810 2689.3 0.179394 10
2452.0 0.118587 1856.1 0.156499 2504.5 0.173350 2427.5 0.178839 9
2191.0 0.117717 1661.7 0.154740 2237.7 0.172212 2155.3 0.178903 8
1914.5 0.117539 1451.0 0.155275 1955.4 0.172375 1896.0 0.177990 7
1634.9 0.118056 1240.2 0.155384 1672.5 0.173239 1620.9 0.178330 6
1359.6 0.118206 1036.2 0.155121 1396.0 0.172679 1350.4 0.178433 5
1100.9 0.117266 834.5 0.154211 1121.3 0.172031 1088.3 0.177186 4
