1401885403 109.024286
1401885406 108.747482
1401885408 108.65736
1401885410 108.644485
1401885412 108.397722
1401885415 108.818293
1401885417 108.777523
1401885419 108.65736
1401885421 108.663797
1401885424 108.723879
1401885426 108.507156
1401885428 108.61659
1401885430 108.871937
1401885433 108.779669
1401885435 108.792543
1401885437 108.623028
1401885439 108.556509
1401885442 108.397722
1401885444 108.796835
1401885446 108.781815
1401885449 108.646631
1401885451 108.629465
1401885453 108.762503
1401885455 108.459949
1401885458 108.835459
1401885460 108.794689
1401885462 109.848261
1401885465 110.292435
1401885467 110.277414
1401885469 110.004902
1401885471 111.337423
1401885473 110.730171
1401885476 110.541344
1401885478 110.240936
1401885481 111.697912
1401885483 112.571239
1401885485 111.839533
1401885487 111.236572
1401885489 113.268614
1401885492 112.144232
1401885494 112.476826
1401885496 111.925364
1401885499 112.260103
1401885501 112.953186
1401885503 112.135649
1401885505 112.189293
1401885508 112.182856
1401885510 112.19573
1401885512 111.764431
1401885515 112.019777
1401885517 112.137794
1401885519 112.073421
1401885521 112.075567
1401885524 112.345934
1401885526 111.865282
1401885528 111.893177
1401885530 112.056255
1401885533 112.127066
1401885535 114.141941
1401885538 112.060547
1401885540 111.899614
1401885542 111.721516
1401885544 112.088442
1401885546 112.105608
1401885549 112.101316
1401885551 112.075567
1401885554 111.989737
1401885556 111.736536
1401885558 112.006903
1401885560 112.103462
1401885562 112.099171
1401885565 112.163544
1401885567 112.064838
1401885570 111.727953
1401885572 111.828804
1401885574 112.08415
1401885576 112.039089
1401885578 111.989737
1401885581 112.039089
1401885583 111.97257
1401885585 111.627102
1401885588 112.047672
1401885590 112.204313
1401885592 112.086296
1401885594 112.105608
1401885597 111.933947
1401885599 111.779451
1401885601 112.056255
1401885603 112.056255
1401885606 112.015486
1401885608 112.041235
1401885610 112.045527
1401885613 111.921072
1401885615 111.803055
1401885617 112.12492
1401885619 112.004757
1401885622 111.931801
1401885624 112.015486
1401885626 111.725807
1401885629 111.70435
1401885631 112.103462
1401885633 112.157106
1401885635 112.12492
1401885638 112.064838
1401885641 111.985445
1401885643 111.646414
1401885645 112.034798
1401885647 112.02836
1401885649 112.034798
1401885651 112.075567
1401885654 112.041235
1401885656 111.697912
1401885658 111.682892
1401885660 112.066984
1401885662 112.024069
1401885665 111.968279
1401885667 111.983299
1401885669 112.041235
1401885671 111.697912
1401885673 112.107754
1401885676 112.017632
1401885678 111.974716
1401885681 111.996174
1401885683 112.064838
1401885685 111.828804
1401885687 112.066984
1401885690 112.079859
1401885692 112.030506
1401885694 111.97257
1401885696 111.974716
1401885699 111.715078
1401885701 111.590624
1401885703 112.058401
1401885706 112.114191
1401885708 112.144232
1401885710 112.066984
1401885712 111.725807
1401885715 111.547709
1401885717 112.011194
1401885719 112.075567
1401885722 112.047672
1401885724 112.103462
1401885726 112.060547
1401885728 111.687183
1401885731 111.946821
1401885733 112.049818
1401885735 112.002611
1401885738 112.142086
1401885740 112.1099
1401885742 112.011194
1401885744 112.103462
1401885747 112.275124
1401885749 112.938166
1401885751 111.91678
1401885753 110.363245
1401885756 110.384703
1401885758 109.846115
1401885760 110.022068
1401885763 109.989882
1401885765 110.404015
1401885767 111.423254
1401885769 111.71937
1401885772 110.728025
1401885774 111.90176
1401885776 110.436201
1401885779 110.43191
1401885781 110.43191
1401885783 110.466242
1401885785 110.496283
1401885788 112.045527
1401885790 111.99832
1401885792 110.455513
1401885795 110.39114
1401885797 110.419035
1401885799 110.0564
1401885801 110.039234
1401885804 110.395432
1401885806 110.382557
1401885808 110.421181
1401885811 110.399723
1401885813 110.064983
1401885815 110.058546
1401885817 110.429764
1401885820 110.412598
1401885822 110.416889
1401885824 110.449076
1401885827 110.311747
1401885829 110.015631
1401885831 110.39114
1401885833 110.4877
1401885836 110.434055
1401885838 110.4877
1401885840 110.416889
1401885843 110.193729
1401885845 110.333204
1401885847 110.451221
1401885849 110.434055
1401885852 110.412598
1401885854 110.363245
1401885856 110.077858
1401885859 110.045671
1401885861 110.363245
1401885863 110.449076
1401885865 110.388994
1401885868 110.414743
1401885870 110.11219
1401885872 110.013485
1401885874 110.429764
1401885877 110.434055
1401885879 110.408306
1401885881 110.408306
1401885884 110.427618
1401885886 110.080004
1401885888 110.230207
1401885890 110.419035
1401885893 110.466242
1401885895 110.416889
1401885897 110.354662
1401885900 110.019922
1401885902 110.009193
1401885904 110.474825
1401885906 110.455513
1401885909 110.468388
1401885911 110.434055
1401885913 110.352516
1401885915 110.004902
1401885918 110.356808
1401885920 110.395432
1401885922 110.468388
1401885925 110.511303
1401885927 110.348225
1401885929 110.086441
1401885931 110.438347
1401885934 110.412598
1401885936 110.429764
1401885938 110.597134
1401885940 110.635757
1401885943 111.049891
1401885945 110.436201
1401885947 109.979153
1401885950 110.101461
1401885952 109.777451
1401885954 110.11219
1401885957 110.129356
1401885959 110.479116
1401885961 110.807419
1401885963 109.704494
1401885966 111.182928
1401885968 109.665871
1401885970 109.384775
1401885972 109.590769
1401885975 109.592915
1401885977 109.652996
1401885979 109.637976
1401885982 110.702276
1401885984 109.76243
1401885986 109.253883
1401885988 109.395504
1401885991 109.56502
1401885993 109.588623
1401885995 109.56502
1401885997 109.547853
1401886000 109.547853
1401886003 109.406233
1401886005 109.590769
1401886008 109.622955
1401886010 109.601498
1401886012 109.618664
1401886014 110.612154
1401886017 109.219551
1401886019 109.622955
1401886021 109.558582
1401886023 109.601498
1401886026 109.53927
1401886028 109.150887
1401886030 109.120846
1401886033 109.541416
1401886035 109.515667
1401886037 109.554291
1401886040 109.627247
1401886042 109.549999
1401886044 109.225988
1401886046 109.562874
1401886049 109.558582
1401886051 109.515667
1401886053 109.56502
1401886055 109.517813
1401886058 109.487772
1401886060 109.399796
1401886062 109.796762
1401886065 109.625101
1401886067 109.584332
1401886069 109.567165
1401886071 109.331131
1401886074 109.114408
1401886076 109.502792
1401886078 109.53927
1401886081 109.586477
1401886083 109.695911
1401886085 109.865427
1401886087 109.631538
1401886090 109.919071
1401886092 110.232353
1401886094 109.790325
1401886097 108.663797
1401886099 108.749628
1401886101 108.655214
1401886104 108.569384
1401886106 108.779669
1401886108 108.648777
1401886111 108.689547
1401886113 108.80971
1401886115 108.80971
1401886117 108.395576
1401886119 109.361172
1401886122 108.719587
1401886124 108.730316
1401886126 108.734608
1401886129 108.663797
1401886131 108.303308
1401886133 108.562946
1401886135 109.243155
1401886138 108.826876
1401886140 108.83975
1401886142 109.882593
1401886145 108.974934
1401886147 108.3076
1401886149 108.674526
1401886152 108.726025
1401886154 108.771086
1401886156 108.756065
1401886158 108.82473
1401886160 106.003046
1401886164 106.344223
1401886166 107.181072
1401886168 106.318474
1401886171 106.301308
1401886173 106.170416
1401886175 106.550217
1401886177 103.859425
1401886180 103.79076
1401886182 104.458094
1401886184 104.983807
1401886186 105.00741
1401886189 104.734898
1401886191 104.878664
1401886193 101.456165
1401886195 101.531267
1401886198 101.604223
1401886200 102.606297
1401886202 102.571964
1401886204 102.396011
1401886207 103.241444
1401886209 103.316545
1401886211 103.127718
1401886213 103.979588
1401886216 105.056763
1401886218 105.297089
1401886220 105.837822
1401886223 104.799271
1401886225 104.912996
1401886227 104.955912
1401886229 104.96664
1401886232 104.651213
1401886234 104.756355
1401886236 106.775522
1401886238 106.425762
1401886241 104.887247
1401886243 105.144739
1401886245 104.75421
1401886248 104.67267
1401886250 104.829311
1401886252 104.861498
1401886254 104.797125
1401886257 105.033159
1401886259 104.874372
1401886261 104.533195
1401886263 104.829311
1401886266 104.874372
1401886268 104.930162
1401886270 104.9366
1401886273 104.891539
1401886275 104.541779
1401886277 104.591131
1401886279 104.902267
1401886282 104.906559
1401886284 104.912996
1401886286 104.955912
1401886289 104.58684
1401886291 104.447365
1401886293 104.857206
1401886295 104.773521
1401886298 104.844332
1401886300 104.996681
1401886302 106.451511
1401886304 104.453802
1401886307 104.878664
1401886309 104.885101
1401886311 104.958057
1401886313 105.020285
1401886316 104.904413
1401886318 104.47526
1401886321 104.831457
1401886323 104.704857
1401886325 104.719877
1401886327 104.9366
1401886330 105.69191
1401886332 104.653358
1401886334 104.470968
1401886336 104.760647
1401886339 104.743481
1401886341 104.837894
1401886343 105.024576
1401886346 104.619026
1401886348 104.595423
1401886350 104.777813
1401886352 104.664087
1401886355 104.739189
1401886357 104.818583
1401886359 104.634047
1401886362 104.440928
1401886364 104.930162
1401886366 104.887247
1401886368 104.84004
1401886371 104.900122
1401886373 104.865789
1401886375 104.327202
1401886378 104.612589
1401886380 104.75421
1401886382 104.715586
1401886384 104.814291
1401886387 104.900122
1401886389 104.867935
1401886391 104.483843
1401886394 104.681253
1401886396 104.685545
1401886398 104.726315
1401886400 104.855061
1401886403 104.709148
1401886405 104.365826
1401886407 104.745626
1401886410 104.60186
1401886412 104.794979
1401886414 104.900122
1401886416 104.644775
1401886419 104.488134
1401886421 104.588985
1401886423 104.891539
1401886426 104.797125
1401886428 104.771376
1401886430 104.870081
1401886432 104.743481
1401886435 104.511738
1401886437 104.584694
1401886439 104.833603
1401886441 104.279995
1401886444 104.691982
1401886446 104.885101
1401886448 104.859352
1401886450 104.659796
1401886453 104.664087
1401886455 104.580402
1401886457 104.582548
1401886460 104.855061
1401886462 104.912996
1401886464 104.685545
1401886466 104.685545
1401886469 104.584694
1401886471 104.501009
1401886473 104.945183
1401886475 105.176926
1401886478 105.129719
1401886480 105.028868
1401886482 104.885101
1401886485 102.305889
1401886487 103.898048
1401886489 104.3787
1401886491 102.887392
1401886494 102.580547
1401886496 102.576256
1401886498 102.441072
1401886501 102.348804
1401886503 102.846622
1401886505 102.170706
1401886507 101.34244
1401886510 101.267338
1401886512 101.434708
1401886514 101.754427
1401886517 101.63641
1401886519 101.662159
1401886521 101.614952
1401886523 101.389647
1401886526 101.340294
1401886528 101.153612
1401886530 101.593494
1401886533 101.576328
1401886535 101.53985
1401886537 101.402521
1401886539 101.423979
1401886542 101.269484
1401886544 101.252317
1401886546 101.591349
1401886549 101.597786
1401886551 101.464748
1401886553 101.327419
1401886555 101.333857
1401886558 101.050615
1401886560 101.529121
1401886562 101.606369
1401886565 101.400375
1401886567 101.346731
1401886569 101.612806
1401886571 101.057053
1401886574 101.565599
1401886576 101.529121
1401886578 101.53985
1401886581 101.344585
1401886583 101.389647
1401886585 101.166487
1401886587 101.411104
1401886590 101.561308
1401886592 101.589203
1401886594 101.327419
1401886596 101.391792
1401886599 101.572037
1401886601 101.067781
1401886603 101.685762
1401886605 101.593494
1401886608 101.533413
1401886610 101.31669
1401886612 99.179506
1401886615 98.619461
1401886617 99.226713
1401886619 100.209475
1401886621 100.042105
1401886624 99.874735
1401886626 99.170923
1401886628 96.445799
1401886630 96.533775
1401886633 97.608805
1401886635 97.917795
1401886637 98.147392
1401886640 98.115206
1401886642 97.793341
1401886644 95.984459
1401886646 94.643354
1401886649 94.658375
1401886651 95.90292
1401886653 95.769882
1401886656 95.922232
1401886658 95.046759
1401886660 95.56818
1401886662 92.332363
1401886665 92.28301
1401886667 92.134953
1401886669 93.405247
1401886672 92.995405
1401886674 93.072653
1401886676 93.385935
1401886678 92.613459
1401886681 89.860439
1401886683 89.725256
1401886685 90.517044
1401886688 90.276718
1401886690 91.44187
1401886692 91.197252
1401886694 91.104984
1401886697 87.79192
1401886699 87.699652
1401886701 87.058067
1401886704 88.922739
1401886706 88.993549
1401886708 89.030027
1401886710 88.686705
1401886713 88.845491
1401886715 84.766388
1401886717 85.328579
1401886720 86.854219
1401886722 86.465836
1401886724 86.577415
1401886726 86.540937
1401886729 86.116076
1401886731 82.94034
1401886733 83.195686
1401886735 83.230019
1401886738 84.060431
1401886740 84.146261
1401886742 83.957434
1401886744 84.015369
1401886747 84.551811
1401886749 86.592436
1401886751 85.438013
1401886754 85.676193
1401886756 85.860729
1401886758 84.341526
1401886760 84.575415
1401886763 84.631205
1401886765 84.807158
1401886767 84.684849
1401886769 84.599018
1401886772 84.433794
1401886774 85.937977
1401886776 85.495949
1401886779 84.899426
1401886781 84.629059
1401886783 84.850073
1401886785 83.596945
1401886788 84.987402
1401886790 84.901571
1401886792 84.84149
1401886795 84.594727
1401886797 84.824324
1401886799 84.234238
1401886801 84.459543
1401886804 84.9123
1401886806 84.978819
1401886808 84.710598
1401886811 84.517479
1401886813 84.081888
1401886815 83.616257
1401886817 85.083961
1401886820 85.034609
1401886822 84.620476
1401886824 84.54752
1401886827 84.294319
1401886829 83.665609
1401886831 84.852219
1401886833 84.959507
1401886836 84.817886
1401886838 84.691286
1401886840 84.616184
1401886843 83.732128
1401886845 84.202051
1401886847 84.918737
1401886849 85.034609
1401886852 84.815741
1401886854 84.839344
1401886856 83.817959
1401886859 83.699942
1401886861 84.972382
1401886863 84.935904
1401886865 84.626913
1401886868 84.665537
1401886870 84.1012
1401886872 83.607674
1401886875 84.978819
1401886877 84.931612
1401886879 84.802866
1401886882 84.601164
1401886884 84.740639
1401886886 83.760023
1401886888 84.073305
1401886890 85.034609
1401886893 84.972382
1401886895 84.832907
1401886897 84.684849
1401886900 83.837271
1401886902 83.646297
1401886904 85.182667
1401886906 85.088253
1401886909 84.948778
1401886912 84.631205
1401886913 84.165573
1401886916 83.603382
1401886918 85.06465
1401886920 85.165501
1401886922 85.056067
1401886925 85.242748
1401886927 84.624767
1401886929 83.841562
1401886931 84.680557
1401886933 85.315704
1401886936 84.63335
1401886938 84.159136
1401886940 84.229946
1401886942 83.523989
1401886945 83.137751
1401886947 84.599018
1401886949 83.747149
1401886952 83.165646
1401886954 82.89957
1401886956 83.094835
1401886958 81.944704
1401886961 83.363056
1401886963 83.4167
1401886965 83.249331
1401886968 82.856655
1401886970 83.049774
1401886972 82.195759
1401886974 83.249331
1401886977 83.365202
1401886979 83.285809
1401886981 82.895279
1401886984 82.972527
1401886986 82.341671
1401886988 81.972599
1401886990 83.354473
1401886993 83.324432
1401886995 82.906008
1401886997 82.89957
1401887000 82.343817
1401887002 81.981182
1401887004 83.375931
1401887006 83.36091
1401887009 83.208561
1401887011 82.942486
1401887013 82.843781
1401887016 81.880331
1401887018 82.824469
1401887020 83.30512
1401887022 83.337307
1401887025 82.989693
1401887027 82.998276
1401887029 82.086325
1401887032 82.393169
1401887034 83.373785
1401887036 83.333015
1401887038 82.873821
1401887041 82.878113
1401887043 82.68714
1401887045 81.938267
1401887048 83.403826
1401887050 83.393097
1401887052 83.313704
1401887054 82.880259
1401887057 82.86953
1401887059 82.026243
1401887061 83.427429
1401887064 83.382368
1401887066 83.206415
1401887068 82.921028
1401887070 83.049774
1401887073 82.202196
1401887075 82.084179
1401887077 83.238602
1401887080 83.260059
1401887082 83.032608
1401887084 83.103418
1401887086 82.416773
1401887089 81.811666
1401887091 83.21929
1401887093 83.326578
1401887096 83.062649
1401887098 83.017588
1401887100 83.137751
1401887102 81.886768
1401887105 83.281517
1401887107 83.296537
1401887109 83.227873
1401887112 83.013296
1401887114 83.081961
1401887116 82.341671
1401887118 83.058357
1401887121 83.277225
1401887123 83.300829
1401887125 83.086252
1401887127 82.406044
1401887130 81.966162
1401887132 83.371639
1401887134 83.36091
1401887136 82.974672
1401887139 82.903862
1401887141 82.968235
1401887143 81.994057
1401887146 83.320141
1401887148 83.36091
1401887150 83.40168
1401887152 83.017588
1401887155 83.049774
1401887157 82.476854
1401887159 81.833124
1401887161 83.326578
1401887164 83.352327
1401887167 83.30512
1401887169 82.993984
1401887171 82.6056
1401887173 81.880331
1401887175 83.270788
1401887177 83.317995
1401887180 83.225727
1401887182 82.991838
1401887184 83.195686
1401887186 82.386732
1401887188 83.047628
1401887191 83.253622
1401887193 83.30512
1401887195 82.908154
1401887198 83.298683
1401887200 83.865166
1401887202 83.427429
1401887204 83.764315
1401887206 83.251476
1401887208 83.150625
1401887211 82.908154
1401887213 83.159208
1401887215 82.303047
1401887217 83.322287
1401887220 83.242893
1401887222 83.236456
1401887224 83.086252
1401887226 82.959652
1401887229 82.358837
1401887231 81.903934
1401887233 83.309412
1401887235 83.326578
1401887237 84.483147
1401887240 82.867384
1401887242 83.030462
1401887244 82.077742
1401887246 82.247257
1401887249 83.373785
1401887251 83.367348
1401887253 83.223581
1401887255 82.895279
1401887257 82.324505
1401887260 81.852436
1401887262 83.287954
1401887264 83.444595
1401887266 83.249331
1401887269 82.953215
1401887271 83.043337
1401887273 82.013369
1401887275 82.461834
1401887277 83.311558
1401887280 83.296537
1401887282 82.968235
1401887284 82.94034
1401887286 82.719326
1401887288 81.994057
1401887291 83.343744
1401887293 83.341599
1401887295 83.152771
1401887297 82.910299
1401887300 82.753658
1401887302 81.852436
1401887304 82.787991
1401887306 83.300829
1401887309 83.251476
1401887311 83.120584
1401887313 82.957506
1401887315 82.474709
1401887317 82.24082
1401887320 83.328724
1401887322 83.324432
1401887324 83.476782
1401887326 82.936049
1401887329 82.830906
1401887331 81.938267
1401887333 83.120584
1401887335 83.343744
1401887337 83.300829
1401887340 82.882404
1401887342 82.936049
1401887344 82.491875
1401887346 80.183029
1401887349 80.985546
1401887351 81.133604
1401887353 82.036972
1401887355 82.159281
1401887358 81.453323
1401887360 80.794573
1401887362 82.232237
1401887364 80.047846
1401887366 78.84407
1401887369 78.490019
1401887371 79.723835
1401887373 79.294682
1401887375 78.719616
1401887377 79.916954
1401887380 78.734636
1401887382 76.393604
1401887384 76.125383
1401887386 76.824903
1401887388 76.415062
1401887391 77.79479
1401887393 77.696085
1401887395 77.522278
1401887398 73.78006
1401887400 74.056864
1401887402 73.33374
1401887404 75.340033
1401887407 75.505257
1401887409 76.445103
1401887411 75.62542
1401887414 75.217724
1401887416 75.717688
1401887418 75.294971
1401887420 75.206995
1401887423 76.666117
1401887425 75.56963
1401887427 74.604034
1401887430 74.531078
1401887432 73.769331
1401887434 75.022459
1401887436 75.06752
1401887439 75.091124
1401887441 75.951576
1401887443 74.782133
1401887446 73.842287
1401887448 74.481726
1401887450 75.080395
1401887452 75.041771
1401887455 74.576139
1401887457 74.848652
1401887459 73.915243
1401887462 74.009657
1401887464 75.001001
1401887466 74.990273
1401887468 74.496746
1401887471 74.483871
1401887473 73.531151
1401887475 75.378656
1401887478 75.157642
1401887480 75.282097
1401887482 74.567556
1401887484 74.786425
1401887487 73.559046
1401887489 75.086832
1401887491 75.116873
1401887494 75.116873
1401887496 74.53537
1401887498 74.488163
1401887500 73.726416
1401887503 73.503256
1401887505 75.168371
1401887507 75.181246
1401887510 74.762821
1401887512 74.498892
1401887514 74.638367
1401887516 73.449612
1401887519 75.114727
1401887521 75.086832
1401887523 74.962378
1401887526 74.496746
1401887528 74.872255
1401887530 73.636293
1401887532 75.170517
1401887535 75.121164
1401887538 75.039625
1401887539 74.498892
1401887542 74.861526
1401887544 74.280024
1401887546 73.908806
1401887548 77.554464
1401887551 77.940702
1401887553 76.781988
1401887555 76.327085
1401887558 75.443029
1401887560 73.745728
1401887562 76.50733
1401887564 76.35498
1401887567 75.01173
1401887569 73.760748
1401887571 75.131893
1401887574 74.290752
1401887576 76.035261
1401887578 74.376583
1401887580 74.861526
1401887583 75.183392
1401887585 75.288534
1401887587 72.805882
1401887590 73.775768
1401887592 74.410915
1401887594 74.35298
1401887596 73.754311
1401887599 73.78006
1401887601 73.840141
1401887604 73.117018
1401887606 74.436665
1401887608 74.359417
1401887611 73.773623
1401887613 73.992491
1401887615 73.172808
1401887618 72.715759
