111.697912 16
112.571239 16
111.839533 16
111.236572 16
113.268614 16
112.144232 16
112.476826 16
111.925364 16
112.260103 16
112.953186 16
112.135649 16
112.189293 16
112.182856 16
112.19573 16
111.764431 16
112.019777 16
112.137794 16
112.073421 16
112.075567 16
112.345934 16
111.865282 16
111.893177 16
112.056255 16
112.127066 16
114.141941 16
112.060547 16
111.899614 16
111.721516 16
112.088442 16
112.105608 16
112.101316 16
112.075567 16
111.989737 16
111.736536 16
112.006903 16
112.103462 16
112.099171 16
112.163544 16
112.064838 16
111.727953 16
111.828804 16
112.08415 16
112.039089 16
111.989737 16
112.039089 16
111.97257 16
111.627102 16
112.047672 16
112.204313 16
112.086296 16
112.105608 16
111.933947 16
111.779451 16
112.056255 16
112.056255 16
112.015486 16
112.041235 16
112.045527 16
111.921072 16
111.803055 16
112.12492 16
112.004757 16
111.931801 16
112.015486 16
111.725807 16
111.70435 16
112.103462 16
112.157106 16
112.12492 16
112.064838 16
111.985445 16
111.646414 16
112.034798 16
112.02836 16
112.034798 16
112.075567 16
112.041235 16
111.697912 16
111.682892 16
112.066984 16
112.024069 16
111.968279 16
111.983299 16
112.041235 16
111.697912 16
112.107754 16
112.017632 16
111.974716 16
111.996174 16
112.064838 16
111.828804 16
112.066984 16
112.079859 16
112.030506 16
111.97257 16
111.974716 16
111.715078 16
111.590624 16
112.058401 16
112.114191 16
112.144232 16
112.066984 16
111.725807 16
111.547709 16
112.011194 16
112.075567 16
112.047672 16
112.103462 16
112.060547 16
111.687183 16
111.946821 16
112.049818 16
112.002611 16
112.142086 16
112.1099 16
112.011194 16
112.103462 16
112.275124 16
112.938166 16
111.91678 16
110.363245 16
110.384703 16
109.846115 16
110.022068 16
109.989882 16
110.404015 16
111.423254 16
110.728025 8
111.90176 8
110.436201 8
110.43191 8
110.43191 8
110.466242 8
110.496283 8
112.045527 8
111.99832 8
110.455513 8
110.39114 8
110.419035 8
110.0564 8
110.039234 8
110.395432 8
110.382557 8
110.421181 8
110.399723 8
110.064983 8
110.058546 8
110.429764 8
110.412598 8
110.416889 8
110.449076 8
110.311747 8
110.015631 8
110.39114 8
110.4877 8
110.434055 8
110.4877 8
110.416889 8
110.193729 8
110.333204 8
110.451221 8
110.434055 8
110.412598 8
110.363245 8
110.077858 8
110.045671 8
110.363245 8
110.449076 8
110.388994 8
110.414743 8
110.11219 8
110.013485 8
110.429764 8
110.434055 8
110.408306 8
110.408306 8
110.427618 8
110.080004 8
110.230207 8
110.419035 8
110.466242 8
110.416889 8
110.354662 8
110.019922 8
110.009193 8
110.474825 8
110.455513 8
110.468388 8
110.434055 8
110.352516 8
110.004902 8
110.356808 8
110.395432 8
110.468388 8
110.511303 8
110.348225 8
110.086441 8
110.438347 8
110.412598 8
110.429764 8
110.597134 8
110.635757 8
111.049891 8
110.436201 8
109.979153 8
110.101461 8
109.777451 8
110.11219 8
110.129356 8
110.479116 8
110.807419 8
109.704494 8
111.182928 4
109.665871 4
109.384775 4
109.590769 4
109.592915 4
109.652996 4
109.637976 4
110.702276 4
109.76243 4
109.253883 4
109.395504 4
109.56502 4
109.588623 4
109.56502 4
109.547853 4
109.547853 4
109.406233 4
109.590769 4
109.622955 4
109.601498 4
109.618664 4
110.612154 4
109.219551 4
109.622955 4
109.558582 4
109.601498 4
109.53927 4
109.150887 4
109.120846 4
109.541416 4
109.515667 4
109.554291 4
109.627247 4
109.549999 4
109.225988 4
109.562874 4
109.558582 4
109.515667 4
109.56502 4
109.517813 4
109.487772 4
109.399796 4
109.796762 4
109.625101 4
109.584332 4
109.567165 4
109.331131 4
109.114408 4
109.502792 4
109.53927 4
109.586477 4
109.695911 4
109.865427 4
109.631538 4
109.919071 4
110.232353 4
109.790325 4
108.663797 4
108.749628 4
108.655214 4
108.569384 4
