1400326151 86.92503
1400326162 87.26406
1400326172 87.46576
1400326182 87.55589
1400326192 86.80272
1400326203 87.20183
1400326213 87.56447
1400326223 86.39073
1400326233 87.20827
1400326243 87.6224
1400326254 85.22558
1400326264 85.78348
1400326274 88.73391
1400326285 87.3692
1400326295 86.67612
1400326305 85.00886
1400326315 85.35647
1400326325 82.72147
1400326336 83.89521
1400326346 86.47013
1400326356 84.96594
1400326367 84.43594
1400326377 82.72147
1400326387 83.07552
1400326397 82.71503
1400326407 82.81159
1400326418 83.0884
1400326428 83.02617
1400326438 81.91252
1400326449 82.72576
1400326459 83.10127
1400326469 81.73871
1400326479 82.5026
1400326490 83.31585
1400326500 81.9211
1400326510 79.638
1400326521 80.49416
1400326531 80.33752
1400326541 80.82032
1400326551 79.44918
1400326561 80.31392
1400326572 78.53079
1400326582 81.21514
1400326592 80.50919
1400326603 79.85687
1400326613 79.68092
1400326623 77.23475
1400326633 78.13168
1400326643 78.47285
1400326654 78.0952
1400326664 77.70681
1400326674 78.23896
1400326685 78.56297
1400326695 77.16608
1400326705 78.08876
1400326715 76.22194
1400326726 77.47293
1400326736 78.3205
1400326746 77.04377
1400326757 77.96431
1400326767 75.001
1400326777 75.80137
1400326787 74.15771
1400326798 75.10614
1400326808 75.70052
1400326818 75.11902
1400326828 73.82298
1400326839 72.78013
1400326849 73.68135
1400326859 74.05257
1400326869 74.14055
1400326880 72.52479
1400326890 73.65775
1400326900 71.84458
1400326911 73.53759
1400326921 73.14491
1400326931 71.73729
1400326941 72.65353
1400326952 70.4155
1400326962 71.51198
1400326972 71.84458
1400326982 70.8189
1400326993 71.62785
1400327003 71.45405
1400327013 71.99478
1400327023 70.44768
1400326151 86.92503
1400326162 87.26406
1400326172 87.46576
1400326182 87.55589
1400326192 86.80272
1400326203 87.20183
1400326213 87.56447
1400326223 86.39073
1400326233 87.20827
1400326243 87.6224
1400326254 85.22558
1400326264 85.78348
1400326274 88.73391
1400326285 87.3692
1400326295 86.67612
1400326305 85.00886
1400326315 85.35647
1400326325 82.72147
1400326336 83.89521
1400326346 86.47013
1400326356 84.96594
1400326367 84.43594
1400326377 82.72147
1400326387 83.07552
1400326397 82.71503
1400326407 82.81159
1400326418 83.0884
1400326428 83.02617
1400326438 81.91252
1400326449 82.72576
1400326459 83.10127
1400326469 81.73871
1400326479 82.5026
1400326490 83.31585
1400326500 81.9211
1400326510 79.638
1400326521 80.49416
1400326531 80.33752
1400326541 80.82032
1400326551 79.44918
1400326561 80.31392
1400326572 78.53079
1400326582 81.21514
1400326592 80.50919
1400326603 79.85687
1400326613 79.68092
1400326623 77.23475
1400326633 78.13168
1400326643 78.47285
1400326654 78.0952
1400326664 77.70681
1400326674 78.23896
1400326685 78.56297
1400326695 77.16608
1400326705 78.08876
1400326715 76.22194
1400326726 77.47293
1400326736 78.3205
1400326746 77.04377
1400326757 77.96431
1400326767 75.001
1400326777 75.80137
1400326787 74.15771
1400326798 75.10614
1400326808 75.70052
1400326818 75.11902
1400326828 73.82298
1400326839 72.78013
1400326849 73.68135
1400326859 74.05257
1400326869 74.14055
1400326880 72.52479
1400326890 73.65775
1400326900 71.84458
1400326911 73.53759
1400326921 73.14491
1400326931 71.73729
1400326941 72.65353
1400326952 70.4155
1400326962 71.51198
1400326972 71.84458
1400326982 70.8189
1400326993 71.62785
1400327003 71.45405
1400327013 71.99478
1400327023 70.44768
