1401012261 108.305454
1401012263 108.228207
1401012266 108.582258
1401012268 108.627319
1401012270 108.577967
1401012273 108.623028
1401012275 108.367682
1401012277 108.206749
1401012279 108.376265
1401012282 108.571529
1401012284 108.571529
1401012286 108.575821
1401012288 108.618736
1401012291 108.371973
1401012293 108.260393
1401012295 108.588696
1401012298 108.610153
1401012300 108.661652
1401012302 108.861208
1401012304 108.502865
1401012307 108.335495
1401012309 108.648777
1401012311 108.592987
1401012313 109.305382
1401012316 109.704494
1401012318 110.062838
1401012320 110.50272
1401012322 110.770941
1401012325 110.045671
1401012327 110.221624
1401012329 110.077858
1401012332 111.854553
1401012335 113.165617
1401012336 111.041307
1401012338 114.433765
1401012341 111.44042
1401012343 113.543272
1401012345 113.648415
1401012348 113.129139
1401012350 111.959696
1401012352 112.238646
1401012354 112.987518
1401012356 111.927509
1401012359 111.856699
1401012361 111.528397
1401012363 111.657143
1401012366 111.955404
1401012368 112.024069
1401012370 112.094879
1401012372 112.01334
1401012375 111.818075
1401012377 111.56702
1401012379 112.009048
1401012382 112.002611
1401012384 112.01334
1401012386 112.026215
1401012389 112.64205
1401012391 112.509012
1401012393 113.041162
1401012395 112.011194
1401012398 111.983299
1401012400 112.290144
1401012402 112.036943
1401012405 111.695766
1401012407 112.036943
1401012409 111.974716
1401012411 112.086296
1401012413 112.165689
1401012416 112.043381
1401012418 111.700058
1401012420 111.597061
1401012423 112.047672
1401012425 111.974716
1401012427 111.936092
1401012429 111.959696
1401012432 112.024069
1401012434 111.657143
1401012436 111.974716
1401012439 112.045527
1401012441 112.026215
1401012443 112.116337
1401012445 112.051964
1401012447 111.742973
1401012450 111.826658
1401012452 111.974716
1401012454 111.974716
1401012457 111.987591
1401012459 111.979008
1401012461 111.575603
1401012463 111.575603
1401012466 111.951113
1401012468 111.966133
1401012470 111.979008
1401012473 111.963987
1401012475 111.697912
1401012477 111.564875
1401012480 111.983299
1401012482 112.174273
1401012484 112.026215
1401012486 111.948967
1401012489 112.060547
1401012491 111.682892
1401012493 111.751556
1401012496 111.953259
1401012498 111.979008
1401012500 111.985445
1401012502 112.015486
1401012504 111.884594
1401012507 111.639977
1401012509 112.019777
1401012512 111.938238
1401012514 112.009048
1401012516 111.933947
1401012518 111.736536
1401012520 111.661434
1401012523 112.01334
1401012525 112.041235
1401012528 112.041235
1401012530 112.017632
1401012532 111.837387
1401012534 111.624956
1401012536 111.62281
1401012539 112.026215
1401012541 111.989737
1401012543 112.122774
1401012546 111.97257
1401012548 111.794472
1401012550 111.629248
1401012552 112.039089
1401012555 112.034798
1401012557 112.041235
1401012560 112.049818
1401012562 111.727953
1401012564 111.609936
1401012566 111.966133
1401012569 111.979008
1401012571 111.908197
1401012573 111.946821
1401012576 111.554146
1401012578 111.56702
1401012580 111.981153
1401012582 112.05411
1401012584 112.021923
1401012587 112.017632
1401012589 111.959696
1401012591 111.685038
1401012594 111.880302
1401012596 111.985445
1401012598 112.032652
1401012600 112.021923
1401012603 112.152815
1401012605 111.959696
1401012607 111.62281
1401012610 112.021923
1401012612 112.024069
1401012614 112.026215
1401012616 111.946821
1401012619 111.925364
1401012621 111.521959
1401012623 111.805201
1401012626 111.994028
1401012628 111.99832
1401012630 112.034798
1401012632 112.056255
1401012634 111.77516
1401012637 111.760139
1401012639 112.05411
1401012641 111.996174
1401012644 111.99832
1401012646 111.963987
1401012648 111.820221
1401012650 111.620665
1401012653 111.985445
1401012655 111.987591
1401012657 112.011194
1401012660 112.006903
1401012662 112.129211
1401012664 111.633539
1401012666 111.824512
1401012669 111.983299
1401012671 111.985445
1401012673 111.955404
1401012676 111.903906
1401012678 111.532688
1401012680 111.674309
1401012682 112.043381
1401012684 112.036943
1401012687 112.036943
1401012689 112.075567
1401012692 111.524105
1401012694 111.99832
1401012696 111.933947
1401012698 111.929655
1401012700 112.034798
1401012703 111.936092
1401012705 111.554146
1401012707 111.721516
1401012710 112.024069
1401012712 112.034798
1401012714 112.045527
1401012716 111.979008
1401012719 111.633539
1401012721 111.597061
1401012723 112.163544
1401012726 111.981153
1401012728 112.004757
1401012730 112.015486
1401012732 111.738682
1401012735 111.601353
1401012737 111.99832
1401012739 112.006903
1401012742 111.985445
1401012744 112.004757
1401012746 111.966133
1401012748 111.680746
1401012751 111.71937
1401012753 111.991882
1401012755 112.02836
1401012758 111.989737
1401012760 112.02836
1401012762 111.672163
1401012764 111.66358
1401012767 111.970425
1401012769 112.051964
1401012771 111.966133
1401012774 112.030506
1401012776 111.59277
1401012778 111.624956
1401012780 111.994028
1401012783 112.137794
1401012785 111.979008
1401012787 112.026215
1401012790 111.910343
1401012792 111.601353
1401012794 112.011194
1401012796 112.000465
1401012798 111.921072
1401012801 111.910343
1401012803 111.927509
1401012806 111.837387
1401012808 111.779451
1401012810 111.959696
1401012812 111.985445
1401012814 112.032652
1401012817 112.064838
1401012819 111.773014
1401012822 111.588478
1401012824 112.032652
1401012826 111.99832
1401012828 111.976862
1401012830 112.004757
1401012833 108.294725
1401012835 108.245373
1401012837 108.532906
1401012840 108.623028
1401012842 108.700275
1401012844 108.605862
1401012846 108.608007
1401012849 108.303308
1401012851 108.414888
1401012854 108.60157
1401012856 108.580112
1401012858 109.333277
1401012860 108.633757
1401012863 108.83975
1401012865 108.245373
1401012867 108.618736
1401012870 109.704494
1401012872 109.8032
1401012874 108.64234
1401012876 108.432055
1401012879 108.114481
1401012881 108.532906
1401012883 108.539343
1401012885 108.646631
1401012887 108.771086
1401012890 108.846188
1401012892 108.329058
1401012894 108.25181
1401012897 108.590841
1401012899 108.577967
1401012901 108.517885
1401012903 108.595133
1401012906 108.402014
1401012908 108.215332
1401012911 108.640194
1401012913 108.65736
1401012915 108.61659
1401012917 108.614445
1401012919 109.612226
1401012922 109.350443
1401012924 109.622955
1401012926 109.745264
1401012930 109.708786
1401012932 109.644413
1401012935 109.543562
1401012936 109.410524
1401012939 109.410524
1401012940 109.835386
1401012942 109.477043
1401012944 109.599352
1401012947 109.698057
1401012949 109.46846
1401012951 109.309673
1401012954 111.163616
1401012956 109.519958
1401012959 109.755993
1401012961 109.610081
1401012963 111.135721
1401012965 109.328985
1401012968 110.57353
1401012970 111.047745
1401012972 109.685183
1401012974 109.768867
1401012976 111.122847
1401012979 110.22377
1401012981 109.393358
1401012984 110.262394
1401012986 108.61659
1401012988 110.133648
1401012990 108.552217
1401012993 108.912706
1401012995 109.843969
1401012997 109.311819
1401012999 110.019922
1401013001 110.062838
1401013004 110.133648
1401013006 108.305454
1401013008 109.863281
1401013011 108.575821
1401013013 108.670235
1401013015 108.612299
1401013018 108.567238
1401013020 108.603716
1401013022 109.236717
1401013024 108.558655
1401013027 108.502865
1401013029 110.037088
1401013031 108.528614
1401013033 108.157396
1401013036 108.200312
1401013038 108.592987
1401013040 108.573675
1401013043 108.592987
1401013045 108.605862
1401013047 108.337641
1401013049 108.178854
1401013052 108.455658
1401013054 108.582258
1401013056 108.610153
1401013059 110.146523
1401013061 108.509302
1401013063 109.663725
1401013066 108.29258
1401013068 108.550072
1401013071 108.629465
1401013073 108.608007
1401013075 108.577967
1401013077 108.06942
1401013079 108.088732
1401013082 108.481407
1401013084 108.487844
1401013086 108.517885
1401013088 108.573675
1401013091 108.299017
1401013093 108.23679
1401013095 108.638048
1401013098 108.573675
1401013100 108.554363
1401013102 108.487844
1401013104 108.417034
1401013106 108.241081
1401013109 108.505011
1401013111 108.535051
1401013114 108.631611
1401013116 108.543634
1401013118 108.575821
1401013120 108.303308
1401013122 108.14023
1401013125 108.60157
1401013127 108.539343
1401013130 108.552217
1401013132 108.558655
1401013134 108.170271
1401013136 108.183146
1401013138 108.620882
1401013141 108.502865
1401013143 108.779669
1401013145 108.584404
1401013148 108.4342
1401013150 108.228207
1401013152 108.505011
1401013154 108.524323
1401013157 108.509302
1401013159 108.515739
1401013161 108.541489
1401013163 108.520031
1401013166 108.181
1401013168 108.567238
1401013170 108.567238
1401013173 108.575821
1401013175 108.61659
1401013177 108.384848
1401013179 108.135939
1401013182 108.567238
1401013184 108.524323
1401013186 108.575821
1401013189 108.513594
1401013191 108.294725
1401013193 108.198166
1401013195 108.442783
1401013198 108.487844
1401013200 108.539343
1401013202 108.610153
1401013205 108.3076
1401013207 108.138084
1401013209 108.206749
1401013211 108.556509
1401013214 108.575821
1401013216 108.507156
1401013218 108.575821
1401013221 108.361244
1401013223 108.208895
1401013225 108.539343
1401013227 108.496428
1401013230 108.517885
1401013232 108.526468
1401013234 108.455658
1401013237 108.116627
1401013239 108.526468
1401013241 106.788397
1401013243 106.271267
1401013246 107.116699
1401013248 108.226061
1401013250 108.23679
1401013253 110.080004
1401013255 109.951258
1401013257 109.998465
1401013259 109.949112
1401013262 110.08215
1401013264 110.095024
1401013266 110.077858
1401013269 110.039234
1401013271 109.659433
1401013273 110.039234
1401013275 109.665871
1401013278 109.813929
1401013280 109.369755
1401013282 109.65085
1401013285 111.951113
1401013287 111.436129
1401013289 110.058546
1401013291 110.981226
1401013294 109.410524
1401013296 109.751701
1401013298 109.786034
1401013301 109.794617
1401013303 109.81822
1401013305 109.736681
1401013307 109.313965
1401013310 109.479189
1401013312 109.788179
1401013314 109.805346
1401013317 109.839678
1401013319 109.788179
1401013321 109.728098
1401013323 109.528542
1401013326 109.88903
1401013328 109.758139
1401013330 109.951258
1401013333 110.013485
1401013335 110.539198
1401013337 109.996319
1401013339 111.575603
1401013342 110.440493
1401013344 111.530542
1401013346 110.204458
1401013349 108.556509
1401013351 108.691692
1401013353 109.04789
1401013355 110.213041
1401013358 110.114336
1401013360 110.107899
1401013362 108.500719
1401013365 108.3076
1401013367 108.213186
1401013369 108.998537
1401013371 109.751701
1401013374 109.702349
1401013376 109.451294
1401013378 108.554363
1401013381 108.223915
1401013383 108.762503
1401013385 110.131502
1401013387 109.740973
1401013390 110.09717
1401013392 111.10568
1401013394 110.646486
1401013397 110.131502
1401013399 110.240936
1401013401 110.251665
1401013403 110.04138
1401013406 110.97908
1401013408 111.195803
1401013410 112.408161
1401013413 114.626884
1401013415 115.742683
1401013417 115.695477
1401013419 115.785599
1401013422 115.781307
1401013424 109.41267
1401013426 109.824657
1401013429 109.996319
1401013431 110.399723
1401013433 110.105753
1401013435 109.977007
1401013438 110.067129
1401013440 110.142231
1401013442 111.361027
1401013445 112.69784
1401013447 112.826586
1401013449 114.48741
1401013451 115.096807
1401013454 114.785671
1401013456 116.268396
1401013458 111.028433
1401013461 111.500502
1401013463 109.972715
1401013465 109.322548
1401013467 109.243155
1401013470 109.828949
1401013472 110.043526
1401013474 110.185146
1401013477 111.860991
1401013479 110.97908
1401013481 112.500429
1401013483 114.85219
1401013486 115.302801
1401013488 115.450859
1401013490 115.674019
1401013493 110.071421
1401013495 109.455585
1401013497 109.603643
1401013499 109.758139
1401013502 109.8032
1401013504 110.354662
1401013506 110.122919
1401013509 111.367464
1401013511 110.835314
1401013513 112.717152
1401013515 113.633394
1401013518 114.802837
1401013520 114.972353
1401013522 114.689112
1401013525 109.957695
1401013527 109.848261
1401013529 109.680891
1401013531 109.732389
1401013534 109.811783
1401013536 110.880375
1401013538 110.386848
1401013541 111.850262
1401013543 111.133575
1401013545 112.232208
1401013547 113.875866
1401013550 114.626884
1401013552 114.373684
1401013554 113.770723
1401013557 110.240936
1401013559 109.610081
1401013561 109.865427
1401013563 109.713078
1401013566 110.305309
1401013568 109.891176
1401013570 110.08215
1401013573 111.590624
1401013575 110.672235
1401013577 113.352299
1401013579 115.212679
1401013582 114.116192
1401013584 114.916563
1401013586 112.818003
1401013589 110.635757
1401013591 109.728098
1401013593 109.813929
1401013595 109.53927
1401013598 109.502792
1401013600 110.157251
1401013602 110.560656
1401013605 111.893177
1401013607 111.521959
1401013609 114.047527
1401013611 113.727808
1401013613 114.120483
1401013616 109.8032
1401013618 110.738754
1401013620 109.751701
1401013623 109.48348
1401013625 109.376192
1401013627 110.170126
1401013629 110.077858
1401013632 111.464024
1401013634 112.039089
1401013636 112.446785
1401013639 113.408089
1401013641 113.373756
1401013643 112.639904
1401013645 109.687328
1401013647 109.822512
1401013650 110.515594
1401013652 109.668016
1401013655 109.470606
1401013657 110.069275
1401013659 111.83095
1401013661 111.052036
1401013663 110.395432
1401013666 113.27076
1401013668 112.918854
1401013671 113.094807
1401013673 110.110044
1401013675 109.723806
1401013677 109.790325
1401013679 109.828949
1401013682 109.625101
1401013684 109.755993
1401013687 111.908197
1401013689 112.272978
1401013691 112.884521
1401013693 112.781525
1401013695 112.614155
1401013698 109.893322
1401013700 110.67009
1401013703 109.65085
1401013705 109.631538
1401013707 109.779596
1401013709 109.994173
1401013711 109.749556
1401013714 111.028433
1401013716 110.198021
1401013719 112.708569
1401013721 112.526178
1401013723 112.365246
1401013725 110.071421
1401013727 111.099243
1401013730 110.380411
1401013732 109.582186
1401013735 109.775305
1401013737 110.088587
1401013739 110.828876
1401013741 110.225916
1401013743 112.178564
1401013746 111.959696
1401013748 111.959696
1401013751 109.805346
1401013753 109.477043
1401013755 109.449148
1401013757 109.644413
1401013759 109.715223
1401013762 110.110044
1401013764 111.815929
1401013767 111.60779
1401013769 111.178637
1401013771 111.449003
1401013773 111.382484
1401013775 109.725952
1401013778 109.63583
1401013780 110.268831
1401013782 109.374046
1401013785 109.665871
1401013787 110.451221
1401013789 111.170053
1401013791 111.047745
1401013794 111.030579
1401013796 110.788107
1401013798 109.577894
1401013801 109.835386
1401013803 109.964132
1401013805 109.625101
1401013807 109.612226
1401013810 110.09717
1401013812 110.537052
1401013814 110.560656
1401013817 110.70013
1401013819 110.713005
1401013821 110.120773
1401013823 110.399723
1401013826 109.575748
1401013828 109.281778
1401013830 110.238791
1401013833 110.236645
1401013835 110.146523
1401013837 110.436201
1401013839 110.15296
1401013842 110.075712
1401013844 110.00061
1401013846 110.114336
1401013849 109.919071
1401013851 109.719515
1401013853 109.668016
1401013855 109.530687
1401013858 109.807491
1401013860 110.266685
1401013862 111.165762
1401013865 111.64856
1401013867 112.024069
1401013869 113.571167
1401013871 115.556002
1401013874 115.714788
1401013876 115.948677
1401013878 114.721298
1401013881 109.601498
1401013883 110.371828
1401013885 109.571457
1401013887 109.826803
1401013890 109.775305
1401013892 109.719515
1401013894 110.037088
1401013897 109.060764
1401013899 109.266758
1401013901 108.573675
1401013903 108.380556
1401013906 108.462095
1401013908 108.485699
1401013910 109.06291
1401013913 108.114481
1401013915 109.940529
1401013917 110.11219
1401013919 108.567238
1401013922 108.517885
1401013924 108.466387
1401013926 108.427763
1401013929 108.142376
1401013931 108.526468
1401013933 108.457804
1401013935 108.612299
1401013938 108.541489
1401013940 108.462095
1401013942 108.112335
1401013945 108.393431
1401013947 108.417034
1401013949 108.417034
1401013951 108.550072
1401013953 108.520031
1401013956 108.241081
1401013958 108.185291
1401013960 108.356953
1401013963 108.462095
1401013965 108.60157
1401013967 108.571529
1401013969 108.206749
1401013972 108.065128
1401013974 108.442783
1401013976 108.547926
1401013979 108.543634
1401013981 108.567238
1401013983 108.612299
1401013985 108.041525
1401013988 108.221769
1401013990 108.455658
1401013992 108.575821
1401013995 108.562946
1401013997 108.485699
1401013999 107.964277
1401014001 108.101606
1401014004 108.391285
1401014006 108.627319
1401014008 108.515739
1401014011 108.384848
1401014013 107.925653
1401014015 108.026505
1401014017 108.511448
1401014020 108.547926
1401014022 108.526468
1401014024 108.408451
1401014027 108.153105
1401014029 108.144522
1401014031 108.640194
1401014033 108.558655
1401014036 108.477116
1401014038 108.352661
1401014040 108.423471
1401014043 108.331203
1401014045 108.550072
1401014047 108.483553
1401014049 108.356953
1401014052 108.447075
1401014054 108.623028
1401014056 108.148813
1401014059 108.168125
1401014061 108.60157
1401014063 108.492136
1401014065 108.14023
1401014068 108.118773
1401014070 108.361244
1401014072 108.509302
1401014075 108.569384
1401014077 108.505011
1401014079 108.200312
1401014081 108.039379
1401014084 108.354807
1401014086 108.513594
1401014088 108.449221
1401014091 108.537197
1401014093 108.391285
1401014095 106.26483
1401014097 106.230497
1401014100 106.138229
1401014102 107.507229
1401014104 107.498646
1401014107 108.539343
1401014109 107.148886
1401014111 107.964277
1401014113 107.706785
1401014116 107.863426
1401014118 109.672308
1401014120 108.721733
1401014123 110.590696
1401014125 112.942457
1401014127 112.882376
1401014129 113.223553
1401014132 113.206387
1401014134 107.427835
1401014136 107.565165
1401014139 108.511448
1401014141 107.230425
1401014143 107.305527
1401014145 107.90205
1401014148 107.352734
1401014150 107.457876
1401014152 107.086658
1401014155 106.417179
1401014157 106.140375
1401014159 106.172562
1401014161 106.247663
1401014164 106.354952
1401014166 106.661797
1401014168 105.919361
1401014171 106.082439
1401014173 106.138229
1401014175 106.146812
1401014177 106.187582
1401014180 105.844259
1401014182 105.792761
1401014184 106.09746
1401014187 106.241226
1401014189 106.198311
1401014191 106.228352
1401014193 105.775595
1401014196 105.674744
1401014198 106.039524
1401014200 106.129646
1401014203 106.20904
1401014205 106.118917
1401014207 106.099606
1401014209 105.756283
1401014212 105.880737
1401014214 106.159687
1401014216 106.290579
1401014219 106.099606
1401014221 106.131792
1401014223 105.921507
1401014225 105.842113
1401014228 106.15325
1401014230 106.129646
1401014232 103.760719
1401014235 103.653431
1401014237 103.582621
1401014239 104.745626
1401014241 105.340004
1401014244 105.839968
1401014246 106.342077
1401014248 105.146885
1401014251 105.269194
1401014253 105.161905
1401014255 106.899977
1401014257 106.878519
1401014260 107.850552
1401014262 110.526323
1401014264 110.644341
1401014267 110.16798
1401014269 109.376192
1401014271 104.539633
1401014273 105.382919
1401014276 105.940819
1401014278 104.36368
1401014280 103.155613
1401014283 101.977587
1401014285 101.979733
1401014287 102.301598
1401014289 102.333784
1401014292 102.260828
1401014294 101.881027
1401014296 101.784468
1401014299 102.005482
1401014301 102.99468
1401014303 102.308035
1401014305 103.179216
1401014308 102.471113
1401014310 101.887465
1401014312 101.677179
1401014315 102.151394
1401014317 102.426052
1401014319 102.177143
1401014321 102.044106
1401014324 102.09775
1401014326 101.846695
1401014329 102.142811
1401014331 102.192163
1401014333 102.031231
1401014335 102.102041
1401014338 101.951838
1401014340 101.913214
1401014342 102.059126
1401014345 102.046251
1401014347 102.243662
1401014349 102.205038
1401014351 102.142811
1401014354 101.720095
1401014356 101.853132
1401014358 102.134228
1401014360 102.359533
1401014363 102.340221
1401014365 102.016211
1401014367 102.048397
1401014370 101.741552
1401014372 102.232933
1401014374 102.290869
1401014376 102.217913
1401014378 102.087021
1401014381 101.898193
1401014383 101.677179
1401014385 102.020502
1401014388 102.232933
1401014390 102.198601
1401014392 102.108479
1401014394 101.938963
1401014397 101.943254
1401014399 102.035522
1401014401 102.207184
1401014403 102.464676
1401014406 102.166414
1401014408 101.915359
1401014410 101.599932
1401014413 102.323055
1401014415 102.32091
1401014417 102.26512
1401014419 102.093458
1401014422 102.220058
1401014424 101.481915
1401014426 102.207184
1401014429 102.282286
1401014431 102.258682
1401014433 102.069855
1401014435 102.022648
1401014438 101.546288
1401014440 102.174997
1401014442 102.361679
1401014445 101.999044
1401014447 102.052689
1401014449 102.09775
1401014451 101.805925
1401014454 101.675034
1401014456 102.303743
1401014458 102.20933
1401014461 102.121353
1401014463 102.252245
1401014465 102.035522
1401014467 101.608515
1401014470 102.250099
1401014472 102.346659
1401014474 102.243662
1401014477 102.164268
1401014479 102.065563
1401014481 101.533413
1401014483 101.908922
1401014486 102.262974
1401014488 102.237225
1401014490 102.16856
1401014493 102.190018
1401014495 101.621389
1401014497 101.632118
1401014499 102.190018
1401014502 102.316618
1401014504 102.286577
1401014506 102.129936
1401014509 101.848841
1401014511 101.492643
1401014513 102.211475
1401014515 102.254391
1401014517 102.297306
1401014520 102.134228
1401014522 102.247953
1401014524 101.58062
1401014527 101.831675
1401014529 102.164268
1401014531 102.172852
1401014533 102.080584
1401014536 102.114916
1401014538 101.632118
1401014540 101.642847
1401014542 102.293015
1401014545 102.230787
1401014547 102.200747
1401014549 102.093458
1401014552 101.737261
1401014554 101.486206
1401014556 102.179289
1401014558 102.252245
1401014561 102.303743
1401014563 102.226496
1401014565 102.162123
1401014568 101.838112
1401014570 102.288723
1401014572 102.235079
1401014574 102.185726
1401014576 102.095604
1401014579 102.099895
1401014581 101.866007
1401014583 101.805925
1401014586 102.273703
1401014588 102.331638
1401014590 102.134228
1401014592 102.151394
1401014595 101.715803
1401014597 101.567745
1401014599 102.159977
1401014602 102.256536
1401014604 102.044106
1401014606 102.095604
1401014608 102.123499
1401014611 101.58062
1401014613 102.187872
1401014615 102.228642
1401014618 102.288723
1401014620 102.140665
1401014622 102.140665
1401014624 101.855278
1401014627 101.956129
1401014629 102.147102
1401014631 102.211475
1401014633 102.190018
1401014636 102.125645
1401014638 102.054834
1401014640 101.599932
1401014643 102.443218
1401014645 102.260828
1401014647 102.20933
1401014649 102.050543
1401014652 102.114916
1401014654 101.516247
1401014656 101.979733
1401014659 102.132082
1401014661 102.054834
1401014663 102.078438
1401014665 102.007627
1401014668 100.977659
1401014670 101.097822
1401014672 101.503372
1401014675 102.659941
1401014677 103.977442
1401014679 102.932453
1401014681 103.490353
1401014684 102.479696
1401014686 103.009701
1401014688 103.694201
1401014691 104.689837
1401014693 105.522394
1401014695 106.457949
1401014697 107.322693
1401014700 107.305527
1401014702 107.934237
1401014704 103.333712
1401014707 102.956057
1401014709 104.297161
1401014711 103.728533
1401014713 102.217913
1401014716 102.810144
1401014718 102.732897
1401014720 102.760792
1401014723 102.548361
1401014725 100.939035
1401014727 100.866079
1401014729 101.52483
1401014732 101.492643
1401014734 101.447582
1401014736 102.144957
1401014739 101.252317
1401014741 102.471113
1401014743 101.574183
1401014745 101.610661
1401014748 101.617098
1401014750 101.417542
1401014752 101.499081
1401014755 100.874662
1401014757 101.492643
1401014759 101.479769
1401014761 101.505518
1401014764 101.604223
1401014766 101.415396
1401014768 98.74177
1401014771 98.728895
1401014773 99.226713
1401014775 100.417614
1401014777 101.243734
1401014780 101.535559
1401014782 100.924015
1401014784 99.788904
1401014787 100.857496
1401014789 101.320982
1401014791 102.844477
1401014793 101.93038
1401014796 102.087021
1401014798 104.404449
1401014800 104.653358
1401014803 105.146885
1401014805 100.947618
1401014807 100.119352
1401014809 101.130009
1401014812 101.089239
1401014814 99.894047
1401014816 100.469112
1401014819 100.346804
1401014821 100.353241
1401014823 100.203037
1401014825 99.617243
1401014828 98.643064
1401014830 99.181652
1401014832 99.248171
1401014835 99.177361
1401014837 99.102259
1401014839 98.941326
1401014841 99.604368
1401014843 98.982096
1401014846 99.248171
1401014848 99.23315
1401014850 99.078655
1401014853 99.226713
1401014855 98.537922
1401014857 98.51861
1401014859 99.170923
1401014862 99.185944
1401014864 99.085093
1401014866 99.087238
1401014869 98.47784
1401014871 98.458529
1401014873 99.205256
1401014875 99.205256
1401014878 99.185944
1401014880 99.048615
1401014882 99.059343
1401014885 98.426342
1401014887 99.179506
1401014889 99.175215
1401014891 99.179506
1401014894 99.211693
1401014896 99.048615
1401014898 98.763227
1401014901 99.085093
1401014903 99.306107
1401014905 99.252462
1401014907 99.177361
1401014910 99.074364
1401014912 98.857641
1401014914 98.389864
1401014917 99.228859
1401014919 99.185944
1401014921 99.061489
1401014923 99.149466
1401014926 99.089384
1401014928 98.471403
1401014930 99.078655
1401014933 99.231005
1401014935 99.082947
1401014937 99.110842
1401014939 99.031448
1401014942 98.598003
1401014944 98.836184
1401014946 99.153757
1401014949 99.03574
1401014951 96.853495
1401014953 96.776247
1401014955 97.055197
1401014958 97.308397
1401014960 99.488497
1401014962 99.123716
1401014965 98.349094
1401014967 98.297596
1401014969 97.982168
1401014971 97.917795
1401014974 98.291159
1401014976 100.398302
1401014978 100.312471
1401014981 103.295088
1401014983 104.01392
1401014985 101.921797
1401014987 102.241516
1401014990 98.29545
1401014992 98.819017
1401014994 98.795414
1401014997 99.625826
1401014999 98.973513
1401015001 98.86837
1401015003 98.917723
1401015006 98.134518
1401015008 98.048687
1401015010 96.750498
1401015013 96.58742
1401015015 96.171141
1401015017 96.930742
1401015019 96.945763
1401015022 97.977877
1401015024 97.668886
1401015026 96.733332
1401015029 97.653866
1401015031 97.604513
1401015033 96.977949
1401015035 96.939325
1401015038 96.735477
1401015040 94.484568
1401015042 94.096184
1401015045 95.73555
1401015047 96.30847
1401015049 96.162558
1401015051 97.083092
1401015054 96.900702
1401015056 95.999479
1401015058 95.480204
1401015061 98.18387
1401015063 99.100113
1401015065 99.79105
1401015067 100.027084
1401015070 99.879026
1401015072 97.265482
1401015074 95.538139
1401015077 97.031593
1401015079 96.061707
1401015081 95.982313
1401015083 96.390009
1401015086 95.063925
1401015088 95.557451
1401015090 95.651865
1401015093 95.875025
1401015095 94.428778
1401015097 94.531775
1401015099 94.059706
1401015101 93.973875
1401015104 94.718456
1401015106 95.842838
1401015108 95.656157
1401015111 94.467402
1401015113 94.315052
1401015115 93.855858
1401015117 94.47813
1401015120 94.647646
1401015122 94.707727
1401015124 94.540358
1401015127 94.428778
1401015129 93.827963
1401015131 94.216347
1401015133 94.716311
1401015136 94.699144
1401015138 94.553232
1401015140 94.259262
1401015143 94.053268
1401015145 93.907356
1401015147 94.681978
1401015149 94.696999
1401015151 94.568253
1401015154 94.411612
1401015156 94.044685
1401015159 93.939543
1401015161 94.600439
1401015163 94.690561
1401015165 94.675541
1401015167 94.53392
1401015170 94.340801
1401015172 93.993187
1401015175 94.076872
1401015177 94.669104
1401015179 94.647646
1401015181 94.495296
1401015183 94.527483
1401015186 93.864441
1401015188 93.93096
1401015191 94.666958
1401015193 94.724894
1401015195 94.559669
1401015197 94.321489
1401015199 94.231367
1401015202 93.920231
1401015204 94.643354
1401015207 94.727039
1401015209 94.551086
1401015211 94.415903
1401015213 94.203472
1401015215 93.894482
1401015218 94.557524
1401015220 94.664812
1401015223 94.666958
1401015225 94.499588
1401015227 94.289303
1401015229 94.192743
1401015231 93.873024
1401015234 94.651937
1401015236 94.636917
1401015239 94.551086
1401015241 94.267845
1401015243 94.377279
1401015246 91.617823
1401015248 92.375278
1401015250 92.497587
1401015253 92.797995
1401015255 93.5812
1401015258 94.325781
1401015260 92.918158
1401015263 94.081163
1401015265 95.267773
1401015267 95.048904
1401015269 95.535994
1401015271 96.947908
1401015274 96.705437
1401015276 97.424269
1401015279 93.849421
1401015281 93.999624
1401015283 95.252752
1401015285 94.119787
1401015287 93.63699
1401015290 95.645428
1401015292 94.308615
1401015295 94.521046
1401015297 94.235659
1401015299 93.012571
1401015301 92.42034
1401015303 92.705727
1401015306 93.128443
1401015308 93.282938
1401015310 93.076944
1401015313 92.235804
1401015315 93.368769
1401015317 91.731548
1401015319 92.317343
1401015322 92.456818
1401015324 92.441797
1401015326 92.162848
1401015328 92.107058
1401015331 91.868877
1401015333 92.147827
1401015335 92.349529
1401015338 92.426777
1401015340 92.289448
1401015342 92.10062
1401015344 92.087746
1401015346 91.501951
1401015349 92.343092
1401015351 92.416048
1401015354 92.368841
1401015356 92.016935
1401015358 91.856003
1401015360 91.596365
1401015362 92.235804
1401015365 92.433214
1401015367 92.306614
1401015369 92.25297
1401015372 92.246532
1401015374 91.787338
1401015376 91.941833
1401015378 92.362404
1401015381 92.461109
1401015383 92.291594
1401015385 92.122078
1401015387 91.97402
1401015390 91.592073
1401015392 92.274427
1401015394 92.446089
1401015397 92.285156
1401015399 92.10062
1401015401 92.137098
1401015403 91.544867
1401015406 92.059851
1401015408 92.47613
1401015410 92.375278
1401015413 92.0856
1401015415 92.01479
1401015417 91.581345
1401015419 91.928959
1401015422 92.370987
1401015424 92.413902
1401015426 92.205763
1401015429 92.102766
1401015431 91.75086
1401015433 91.598511
1401015435 92.304468
1401015438 92.259407
1401015440 91.145754
1401015442 91.965437
1401015445 92.42034
1401015447 92.405319
1401015449 92.465401
1401015451 92.422485
1401015454 91.976166
1401015456 91.47191
1401015458 92.458963
1401015461 92.473984
1401015463 92.553377
1401015465 92.413902
1401015467 91.976166
1401015470 91.154337
1401015472 92.39459
1401015475 92.428923
1401015477 92.392445
1401015479 92.424631
1401015481 91.325998
1401015483 89.154482
1401015486 89.233875
1401015488 91.064215
1401015490 91.270208
1401015493 92.71431
1401015495 91.626406
1401015497 90.802431
1401015499 90.347528
1401015502 93.761444
1401015504 93.031883
1401015506 94.815016
1401015509 94.735622
1401015511 94.109058
1401015513 90.11364
1401015515 91.278791
1401015518 92.160702
1401015520 92.325926
1401015522 92.113495
1401015525 91.362476
1401015527 91.2745
1401015529 92.716455
1401015531 92.609167
1401015534 90.405464
1401015536 90.124369
1401015538 90.130806
1401015541 88.824034
1401015543 90.029955
1401015545 90.186596
1401015547 90.216637
1401015550 90.233803
1401015552 90.898991
1401015554 89.497805
1401015557 89.203835
1401015559 90.156555
1401015561 90.115786
1401015563 90.167284
1401015566 91.102839
1401015568 89.772463
1401015570 88.742495
1401015573 90.182304
1401015575 90.173721
1401015577 90.141535
1401015579 90.18445
1401015582 90.115786
1401015584 88.725328
1401015586 89.512825
1401015589 90.145826
1401015591 90.109348
1401015593 90.162992
1401015595 90.122223
1401015598 89.115858
1401015600 88.993549
1401015602 90.130806
1401015605 90.154409
1401015607 90.102911
1401015609 90.150118
1401015611 89.759588
1401015614 88.742495
1401015616 90.130806
1401015618 90.182304
1401015621 90.135098
1401015623 90.173721
1401015625 89.922667
1401015627 88.716745
1401015630 89.349747
1401015632 90.130806
1401015634 90.220928
1401015637 90.115786
1401015639 89.98704
1401015641 88.723183
1401015643 88.78541
1401015646 90.160847
1401015648 90.143681
1401015650 90.105057
1401015653 89.984894
1401015655 88.999987
1401015657 88.678122
1401015659 90.160847
1401015662 90.152264
1401015664 90.188742
1401015666 90.167284
1401015669 89.703798
1401015671 88.703871
1401015673 90.094328
1401015675 90.160847
1401015678 90.124369
1401015680 90.130806
1401015682 90.111494
1401015685 88.652372
1401015687 89.718819
1401015689 90.162992
1401015691 90.087891
1401015694 90.147972
1401015696 90.090036
1401015698 89.053631
1401015701 89.203835
1401015703 90.193033
1401015705 90.137243
1401015707 90.111494
1401015710 90.173721
1401015712 89.379787
1401015714 88.817596
1401015717 90.029955
1401015719 90.216637
1401015721 90.109348
1401015723 90.317488
1401015725 90.117931
1401015728 88.768244
1401015730 89.478493
1401015732 90.122223
1401015735 90.154409
1401015737 90.100765
1401015739 90.167284
1401015741 89.341164
1401015744 89.012861
1401015746 90.130806
1401015748 90.175867
1401015750 90.145826
1401015753 90.105057
1401015755 89.420557
1401015757 88.832617
1401015760 90.107203
1401015762 90.100765
1401015764 90.150118
1401015766 90.094328
1401015769 90.141535
1401015771 88.995695
1401015773 89.300394
1401015776 90.102911
1401015778 90.173721
1401015780 90.186596
1401015782 89.384079
1401015785 88.74464
1401015787 90.135098
1401015789 90.178013
1401015792 90.130806
1401015794 90.126514
1401015796 89.274645
1401015798 88.731766
1401015801 89.547157
1401015803 90.165138
1401015805 90.11364
1401015808 90.132952
1401015810 89.892626
1401015812 89.019299
1401015814 88.987112
1401015817 90.102911
1401015819 90.150118
1401015821 90.105057
1401015824 90.109348
1401015826 88.982821
1401015828 88.772535
1401015830 90.135098
1401015833 90.182304
1401015835 90.145826
1401015837 90.109348
1401015840 88.909864
1401015842 88.7146
1401015844 90.167284
1401015846 90.107203
1401015849 90.135098
1401015851 90.111494
1401015853 89.718819
1401015856 88.710308
1401015858 90.167284
1401015860 90.098619
1401015862 90.130806
1401015865 90.167284
1401015867 90.040684
1401015869 89.446306
1401015872 89.564323
1401015874 90.178013
1401015876 90.120077
1401015878 90.158701
1401015881 90.16943
1401015883 89.630842
1401015885 88.776827
1401015888 90.214491
1401015890 90.180159
1401015892 90.205908
1401015894 90.180159
1401015897 89.96129
1401015899 88.755369
1401015901 89.783192
1401015904 90.109348
1401015906 90.075016
1401015908 90.141535
1401015910 90.152264
1401015913 89.107275
1401015915 89.321852
1401015917 90.132952
1401015920 90.186596
1401015922 87.905645
1401015924 87.768316
1401015926 87.427139
1401015928 86.448669
1401015931 88.969946
1401015933 89.437723
1401015936 90.536356
1401015938 89.729548
1401015940 89.46991
1401015942 88.019371
1401015944 91.068506
1401015947 89.845419
1401015949 92.126369
1401015952 91.935396
1401015954 91.931105
1401015956 87.869167
1401015958 87.854147
1401015960 89.993477
1401015963 89.212418
1401015965 88.948488
1401015968 90.306759
1401015970 88.133097
1401015972 87.613821
1401015974 89.100838
1401015976 88.783264
1401015979 88.298321
1401015981 87.815523
1401015984 87.800503
1401015986 87.06665
1401015988 87.882042
1401015990 87.931395
1401015992 89.439869
1401015995 87.828398
1401015997 87.830544
1401015999 86.588144
1401016002 86.485147
1401016004 87.922812
1401016006 87.948561
1401016008 87.785482
1401016011 87.783337
1401016013 86.736202
1401016015 86.474419
1401016017 87.849855
1401016020 87.888479
1401016022 87.783337
1401016024 87.796211
1401016027 87.180376
1401016029 86.525917
1401016031 87.899208
1401016033 87.935686
1401016036 87.942123
1401016038 87.794065
1401016040 87.800503
1401016043 86.46369
1401016045 87.600946
1401016047 87.894917
1401016049 87.899208
1401016052 87.845564
1401016054 87.794065
1401016056 86.70187
1401016059 87.043047
1401016061 87.856293
1401016063 87.894917
1401016065 87.856293
1401016068 87.779045
1401016070 86.918592
1401016072 86.538792
1401016075 87.952852
1401016077 87.914228
1401016079 87.802649
1401016081 87.785482
1401016084 87.97431
1401016086 86.525917
1401016088 87.28981
1401016091 87.950706
1401016093 87.864876
1401016095 87.860584
1401016097 87.727547
1401016099 87.276936
1401016102 86.704016
1401016104 87.890625
1401016106 87.912083
1401016109 87.789774
1401016111 87.725401
1401016113 87.0924
1401016115 86.493731
1401016118 87.875605
1401016120 87.942123
1401016122 87.886333
1401016125 87.766171
1401016127 86.528063
1401016129 87.019444
1401016131 87.890625
1401016134 87.9035
1401016136 87.830544
1401016138 87.75115
1401016140 87.437868
1401016143 86.444378
1401016145 87.91852
1401016147 87.899208
1401016150 87.836981
1401016152 87.738276
1401016154 87.437868
1401016156 86.515188
1401016159 87.240458
1401016161 87.871313
1401016163 87.907791
1401016166 87.779045
1401016168 87.334871
1401016170 86.641788
1401016172 86.6611
1401016174 87.912083
1401016177 87.845564
1401016179 86.322069
1401016181 85.613966
1401016184 84.955215
1401016186 85.266352
1401016188 86.809158
1401016190 88.240385
1401016193 88.304758
1401016195 87.203979
1401016197 87.362766
1401016200 86.658955
1401016202 89.356184
1401016204 89.54072
1401016206 89.502096
1401016208 89.431286
1401016211 86.330652
1401016213 86.180449
1401016216 86.959362
1401016218 87.622404
1401016220 87.665319
1401016222 87.208271
1401016224 87.978601
1401016227 86.845636
1401016229 85.998058
1401016232 85.736275
1401016234 85.671902
1401016236 85.671902
1401016238 85.506678
1401016240 85.453033
1401016243 84.242821
1401016245 85.695505
1401016247 85.65259
1401016250 85.70838
1401016252 85.70838
1401016254 85.459471
1401016256 84.30934
1401016259 85.356474
1401016261 85.650444
1401016263 87.328434
1401016265 85.562468
1401016268 85.418701
1401016270 84.476709
1401016272 84.242821
1401016275 85.721254
1401016277 85.680485
1401016279 85.613966
1401016281 85.446596
1401016284 85.422993
1401016286 84.244967
1401016288 85.601091
1401016291 85.663319
1401016293 85.633278
1401016295 85.55603
1401016297 85.369349
1401016299 84.747076
1401016302 85.004568
1401016304 85.680485
1401016307 85.646152
1401016309 85.601091
1401016311 85.41441
1401016313 84.472418
1401016315 84.285736
1401016318 85.697651
1401016320 85.699797
1401016323 85.607529
1401016325 85.369349
1401016327 84.545374
1401016329 84.296465
1401016331 85.289955
1401016334 85.693359
1401016336 85.547447
1401016339 85.380077
1401016341 85.238457
1401016343 84.375858
1401016345 84.710598
1401016347 85.631132
1401016350 85.674047
1401016352 85.568905
1401016355 85.48522
1401016357 84.403753
1401016359 84.292173
1401016361 85.65259
1401016363 85.646152
1401016366 85.577488
1401016368 85.392952
1401016371 84.869385
1401016373 84.264278
1401016375 85.624695
1401016377 85.628986
1401016379 85.680485
1401016382 85.369349
1401016384 84.965944
1401016387 84.33938
1401016389 85.659027
1401016391 85.644007
1401016393 85.641861
1401016395 85.420847
1401016398 85.369349
1401016400 84.828615
1401016403 84.17201
1401016405 85.641861
1401016407 85.628986
1401016409 85.66761
1401016411 85.538864
1401016414 84.74493
1401016416 84.210634
1401016418 85.665464
1401016421 85.689068
1401016423 85.659027
1401016425 85.487366
1401016427 85.448742
1401016430 84.489584
1401016432 85.502386
1401016434 85.65259
1401016437 85.549593
1401016439 85.412264
1401016441 85.337162
1401016443 84.736347
1401016446 84.219217
1401016448 85.676193
1401016450 85.695505
1401016453 85.65259
1401016455 85.498095
1401016457 85.193396
1401016459 84.313631
1401016462 85.676193
1401016464 85.665464
1401016466 85.654736
1401016469 84.777117
1401016471 84.257841
1401016473 85.253477
1401016475 85.641861
1401016478 85.624695
1401016480 85.433722
1401016482 85.412264
1401016485 84.551811
1401016487 84.67412
1401016489 85.701942
1401016491 85.628986
1401016494 85.622549
1401016496 85.386515
1401016498 85.292101
1401016501 84.247112
1401016503 85.802794
1401016505 85.654736
1401016507 85.603237
1401016510 85.453033
1401016512 85.197687
1401016514 84.285736
1401016517 85.65259
1401016519 85.682631
1401016521 85.568905
1401016523 85.403681
1401016526 85.395098
1401016528 84.313631
1401016530 84.412336
1401016533 85.654736
1401016535 85.665464
1401016537 85.459471
1401016539 85.422993
1401016542 85.287809
1401016544 84.202051
1401016546 85.659027
1401016549 85.648298
1401016551 85.547447
1401016553 85.380077
1401016555 85.463762
1401016557 84.223509
1401016560 85.695505
1401016562 85.648298
1401016564 85.682631
1401016567 85.392952
1401016569 85.455179
1401016571 84.270716
1401016573 84.232092
1401016576 85.714817
1401016578 85.646152
1401016580 85.547447
1401016583 85.410118
1401016585 84.433794
1401016587 84.184885
1401016589 85.65259
1401016592 85.613966
1401016594 85.493803
1401016596 85.397243
1401016599 85.328579
1401016601 84.184885
1401016603 85.626841
1401016605 85.676193
1401016607 85.646152
1401016610 85.420847
1401016612 85.508823
1401016614 84.56254
1401016617 84.275007
1401016619 85.669756
1401016621 85.626841
1401016624 86.830616
1401016626 85.37364
1401016628 84.489584
1401016630 84.67412
1401016632 85.620403
1401016635 85.665464
1401016637 85.476637
1401016640 85.401535
1401016642 84.517479
1401016644 84.251404
1401016646 85.618258
1401016648 85.637569
1401016651 85.446596
1401016653 83.112001
1401016656 83.30512
1401016658 83.202124
1401016660 85.165501
1401016662 85.916519
1401016664 84.970236
1401016667 84.476709
1401016669 84.822178
1401016671 84.468126
1401016674 83.802938
1401016676 86.961508
1401016678 86.759806
1401016680 86.60531
1401016683 84.277153
1401016685 84.148407
1401016687 83.972454
1401016689 84.678411
1401016692 84.648371
1401016694 84.538937
1401016696 84.184885
1401016699 84.075451
1401016701 82.290173
1401016703 83.358765
1401016705 83.390951
1401016708 81.328869
1401016710 80.803156
1401016712 80.951214
1401016715 81.346035
1401016717 82.669973
1401016719 82.841635
1401016721 82.753658
1401016724 82.337379
1401016726 84.094763
1401016728 82.841635
1401016731 82.715034
1401016733 85.590363
1401016735 85.618258
1401016737 82.01766
1401016740 81.727982
1401016742 82.305193
1401016744 81.112146
1401016746 82.358837
1401016749 82.403898
1401016751 82.086325
1401016753 81.948996
1401016756 81.627131
1401016758 79.798937
1401016760 80.728054
1401016762 81.161499
1401016765 81.240892
1401016767 81.077814
1401016769 80.747366
1401016771 80.416918
1401016774 81.202269
1401016776 81.112146
1401016778 81.204414
1401016781 81.032753
1401016783 80.620766
1401016785 80.273151
1401016787 79.723835
1401016790 81.00915
1401016792 81.142187
1401016794 81.088543
1401016797 80.713034
1401016799 80.168009
1401016801 79.741001
1401016803 80.429792
1401016806 81.187248
1401016808 80.985546
1401016810 80.702305
1401016813 80.620766
1401016815 79.884768
1401016817 81.114292
1401016819 81.146479
1401016822 80.852509
1401016824 80.6036
1401016826 80.305338
1401016829 78.708887
1401016831 78.781843
1401016833 78.841925
1401016835 80.11651
1401016838 79.841852
1401016840 79.483509
1401016842 79.099417
1401016845 79.344034
1401016847 81.676483
1401016849 81.309557
1401016851 81.007004
1401016854 80.884695
1401016856 79.313993
1401016858 78.687429
1401016861 81.167936
1401016863 80.258131
1401016865 79.882622
1401016867 79.633713
1401016870 79.850435
1401016872 78.698158
1401016874 79.485655
1401016877 79.352617
1401016879 78.584433
1401016881 78.339815
1401016883 78.642368
1401016886 77.642441
1401016888 78.803301
1401016890 78.786135
1401016893 80.41048
1401016895 78.356981
1401016897 78.5501
1401016899 78.075886
1401016902 77.442884
1401016904 78.753948
1401016906 79.007149
1401016909 78.713179
1401016911 78.363419
1401016913 78.335524
1401016915 77.43001
1401016918 78.691721
1401016920 78.874111
1401016922 78.764677
1401016925 78.354836
1401016927 78.288317
1401016929 77.457905
1401016931 78.567266
1401016934 78.777552
1401016936 78.713179
1401016938 78.374147
1401016941 78.487873
1401016943 77.466488
1401016945 78.116655
1401016947 78.696012
1401016950 78.861237
1401016952 78.410625
1401016954 78.387022
1401016957 78.43852
1401016959 77.558756
1401016961 78.687429
1401016963 78.889132
1401016966 78.874111
1401016968 78.378439
1401016970 78.642368
1401016973 77.395678
1401016975 78.743219
1401016977 78.743219
1401016979 78.736782
1401016982 78.286171
1401016984 78.64666
1401016986 77.513695
1401016989 77.76475
1401016991 78.700304
1401016993 78.771114
1401016995 78.451395
1401016998 78.301191
1401017000 77.623129
1401017002 77.417135
1401017005 78.783989
1401017007 78.886986
1401017009 78.588724
1401017011 78.350544
1401017014 78.513622
1401017016 77.399969
1401017018 78.721762
1401017021 78.803301
1401017023 78.66168
1401017025 78.348398
1401017027 78.635931
1401017030 77.533007
1401017032 78.708887
1401017034 78.747511
1401017037 78.846216
1401017039 78.427792
1401017041 78.500748
1401017043 77.552319
1401017046 77.361345
1401017048 78.672409
1401017050 78.81403
1401017053 78.543663
1401017055 78.395605
1401017057 77.715397
1401017059 77.517986
1401017062 78.781843
1401017064 78.89986
1401017066 78.723907
1401017069 76.209068
1401017071 76.048136
1401017073 75.239182
1401017075 77.509403
1401017077 78.672409
1401017080 78.123093
1401017082 77.657461
1401017084 78.833342
1401017087 78.43852
1401017089 77.872038
1401017091 78.876257
1401017093 78.775406
1401017096 77.533007
1401017098 77.814102
1401017100 77.700377
1401017102 76.526642
1401017105 77.867746
1401017107 77.878475
1401017109 77.678919
1401017112 77.520132
1401017114 73.554754
1401017116 72.964668
1401017118 75.088978
1401017121 75.586796
1401017123 75.333595
1401017125 75.161934
1401017128 75.511694
1401017130 75.365782
1401017132 74.876547
1401017134 75.955868
1401017137 76.106071
1401017139 75.256348
1401017141 75.526714
1401017144 76.743364
1401017146 75.005293
1401017148 76.365709
1401017150 76.333523
1401017152 76.194048
1401017155 76.050282
1401017157 74.196339
1401017160 73.651314
1401017162 74.475288
1401017164 74.372292
1401017166 73.975325
1401017168 73.750019
1401017171 73.85087
1401017173 72.919607
1401017175 74.486017
1401017178 74.400187
1401017180 73.885202
1401017182 73.722124
1401017184 73.760748
1401017187 72.92819
1401017189 74.458122
1401017191 74.458122
1401017194 74.335814
1401017196 73.756456
1401017198 73.85087
1401017200 72.846651
1401017203 73.162079
1401017205 74.455976
1401017207 74.335814
1401017210 73.930264
1401017212 74.078321
1401017214 73.372364
1401017216 72.681427
1401017219 74.365854
1401017221 74.376583
1401017223 74.230671
1401017226 73.859453
1401017228 73.443174
1401017230 72.797298
1401017232 74.370146
1401017235 74.335814
1401017237 74.037552
1401017239 73.765039
1401017242 74.091196
1401017244 72.810173
1401017246 74.410915
1401017248 74.372292
1401017251 74.400187
1401017253 73.784351
1401017255 73.96245
1401017258 73.091269
1401017260 73.89164
1401017262 74.42379
1401017264 74.393749
1401017267 74.082613
1401017269 73.752165
1401017271 73.632002
1401017274 72.717905
1401017276 74.445248
1401017278 74.410915
1401017280 74.348688
1401017283 73.797226
1401017285 73.844433
1401017287 72.709322
1401017290 74.101925
1401017292 74.43881
1401017294 74.247837
1401017296 73.758602
1401017299 73.797226
1401017301 72.681427
1401017303 73.466778
1401017306 74.470997
1401017308 74.406624
1401017310 73.94743
1401017312 73.73929
1401017315 73.310137
1401017317 72.808027
1401017319 74.417353
1401017322 74.47958
1401017324 74.149132
1401017326 73.786497
1401017328 74.136257
1401017331 72.775841
1401017333 74.355125
1401017335 74.378729
1401017338 74.380875
1401017340 73.822975
1401017342 74.286461
1401017344 72.818756
1401017347 73.162079
1401017349 74.331522
1401017351 74.32723
1401017354 73.874474
1401017356 71.883202
1401017358 70.739508
1401017360 70.529222
1401017363 72.883129
1401017365 74.29719
1401017367 73.548317
1401017370 73.717833
1401017372 73.346615
1401017374 73.220015
1401017376 75.106144
1401017379 75.035334
1401017381 74.75853
1401017383 73.807955
1401017386 74.153423
1401017388 72.739363
1401017390 74.593306
1401017392 74.687719
1401017395 73.372364
1401017397 72.303772
1401017399 72.535515
1401017402 71.951866
1401017404 72.793007
1401017406 73.760748
1401017408 73.743582
1401017411 71.735144
1401017413 71.548462
1401017415 70.988417
1401017418 70.49489
1401017420 72.282314
1401017422 72.252274
1401017424 71.876764
1401017427 71.614981
1401017429 71.520567
1401017431 70.4391
1401017434 71.913242
1401017436 72.252274
1401017438 72.273731
1401017440 71.771622
1401017443 71.748018
1401017445 70.464849
1401017448 71.252346
1401017451 72.194338
1401017452 72.185755
1401017454 71.642876
1401017457 71.604252
1401017459 70.492744
1401017461 70.572138
1401017463 72.177172
