110.114336 19
109.919071 19
109.719515 19
109.668016 19
109.530687 19
109.807491 19
110.266685 19
111.165762 19
111.64856 19
112.024069 19
113.571167 19
115.556002 19
115.714788 19
115.948677 19
106.138229 18
107.507229 18
107.498646 18
108.539343 18
107.148886 18
107.964277 18
107.706785 18
107.863426 18
109.672308 18
108.721733 18
110.590696 18
112.942457 18
112.882376 18
113.223553 18
103.582621 17
104.745626 17
105.340004 17
105.839968 17
106.342077 17
105.146885 17
105.269194 17
105.161905 17
106.899977 17
106.878519 17
107.850552 17
110.526323 17
110.644341 17
110.16798 17
101.503372 16
102.659941 16
103.977442 16
102.932453 16
103.490353 16
102.479696 16
103.009701 16
103.694201 16
104.689837 16
105.522394 16
106.457949 16
107.322693 16
107.305527 16
107.934237 16
99.226713 15
100.417614 15
101.243734 15
101.535559 15
100.924015 15
99.788904 15
100.857496 15
101.320982 15
102.844477 15
101.93038 15
102.087021 15
104.404449 15
104.653358 15
105.146885 15
97.055197 14
97.308397 14
99.488497 14
99.123716 14
98.349094 14
98.297596 14
97.982168 14
97.917795 14
98.291159 14
100.398302 14
100.312471 14
103.295088 14
104.01392 14
101.921797 14
102.241516 14
95.73555 13
96.30847 13
96.162558 13
97.083092 13
96.900702 13
95.999479 13
95.480204 13
98.18387 13
99.100113 13
99.79105 13
100.027084 13
99.879026 13
92.797995 12
93.5812 12
94.325781 12
92.918158 12
94.081163 12
95.267773 12
95.048904 12
95.535994 12
96.947908 12
96.705437 12
97.424269 12
91.064215 11
91.270208 11
92.71431 11
91.626406 11
90.802431 11
90.347528 11
93.761444 11
93.031883 11
94.815016 11
94.735622 11
94.109058 11
86.448669 10
88.969946 10
89.437723 10
90.536356 10
89.729548 10
89.46991 10
88.019371 10
91.068506 10
89.845419 10
92.126369 10
91.935396 10
91.931105 10
84.955215 9
85.266352 9
86.809158 9
88.240385 9
88.304758 9
87.203979 9
87.362766 9
86.658955 9
89.356184 9
89.54072 9
89.502096 9
83.202124 8
85.165501 8
85.916519 8
84.970236 8
84.476709 8
84.822178 8
84.468126 8
83.802938 8
86.961508 8
86.759806 8
86.60531 8
81.346035 7
82.669973 7
82.841635 7
82.753658 7
82.337379 7
84.094763 7
82.841635 7
82.715034 7
85.590363 7
85.618258 7
80.11651 6
79.841852 6
79.483509 6
79.099417 6
79.344034 6
81.676483 6
81.309557 6
81.007004 6
80.884695 6
75.239182 5
77.509403 5
78.672409 5
78.123093 5
77.657461 5
78.833342 5
78.43852 5
77.872038 5
78.876257 5
78.775406 5
75.088978 4
75.586796 4
75.333595 4
75.161934 4
75.511694 4
75.365782 4
74.876547 4
75.955868 4
76.106071 4
