103.593349 16
105.363607 16
105.076075 16
105.513811 16
105.657578 16
106.299162 16
106.884956 16
107.088804 16
106.951475 16
106.927872 16
106.762648 16
106.249809 16
107.099533 16
106.996536 16
106.919289 16
107.048035 16
107.07593 16
106.204748 16
106.511593 16
106.949329 16
107.10597 16
106.966496 16
107.110262 16
106.79698 16
106.206894 16
107.556581 16
107.015848 16
106.934309 16
106.97937 16
106.683254 16
106.20904 16
107.118845 16
107.118845 16
107.015848 16
106.97937 16
106.758356 16
106.451511 16
106.221914 16
106.981516 16
106.906414 16
107.030869 16
107.110262 16
106.751919 16
106.281996 16
107.002974 16
106.846333 16
106.876373 16
106.955767 16
107.05018 16
106.372118 16
107.10597 16
107.069492 16
106.947184 16
107.037306 16
106.790543 16
106.307745 16
106.771231 16
107.067347 16
107.058764 16
107.013702 16
107.159615 16
106.758356 16
106.324911 16
107.060909 16
107.108116 16
106.957912 16
107.028723 16
107.067347 16
106.176853 16
107.097387 16
107.097387 16
107.033014 16
107.084513 16
107.245445 16
106.586695 16
106.309891 16
107.10597 16
107.043743 16
107.086658 16
107.178926 16
106.445074 16
106.286287 16
107.219696 16
107.02014 16
107.181072 16
107.030869 16
106.934309 16
106.118917 16
106.833458 16
106.99439 16
107.108116 16
107.762575 16
107.080221 16
106.266975 16
106.606007 16
107.082367 16
106.947184 16
107.129574 16
106.977224 16
106.606007 16
106.316328 16
107.067347 16
107.357025 16
107.14674 16
107.030869 16
106.646776 16
106.530905 16
107.063055 16
107.189655 16
107.069492 16
107.095242 16
106.882811 16
106.361389 16
106.590986 16
107.080221 16
107.713223 16
107.114553 16
107.157469 16
106.284142 16
106.339931 16
106.96435 16
107.361317 16
107.080221 16
107.299089 16
106.837749 16
106.434345 16
107.206821 16
107.112408 16
107.129574 16
107.058764 16
106.97937 16
106.384993 16
106.354952 16
107.033014 16
107.028723 16
107.058764 16
106.990099 16
106.771231 16
106.258392 16
107.185364 16
107.045889 16
107.142448 16
107.028723 16
106.715441 16
106.234789 16
107.030869 16
107.041597 16
107.058764 16
107.022285 16
106.917143 16
106.479406 16
107.022285 16
107.093096 16
106.953621 16
106.927872 16
106.947184 16
106.554508 16
106.485844 16
107.118845 16
107.056618 16
107.007265 16
107.033014 16
106.824875 16
106.241226 16
106.914997 16
106.945038 16
106.876373 16
106.837749 16
106.947184 16
106.086731 16
106.648922 16
106.85277 16
106.863499 16
106.769085 16
106.812 16
106.039524 16
106.033087 16
106.569529 16
106.475115 16
106.32062 16
106.091022 16
105.610371 16
104.445219 16
105.314255 16
105.337858 16
105.438709 16
105.790615 16
103.889465 16
102.129936 16
102.147102 16
102.992535 16
102.715731 16
102.801561 16
102.784395 16
103.593349 16
105.363607 16
105.076075 16
105.513811 16
105.657578 16
106.299162 16
106.884956 16
107.088804 16
106.951475 16
106.927872 16
106.762648 16
106.249809 16
107.099533 16
106.996536 16
106.919289 16
107.048035 16
107.07593 16
106.204748 16
106.511593 16
106.949329 16
107.10597 16
106.966496 16
107.110262 16
106.79698 16
106.206894 16
107.556581 16
107.015848 16
106.934309 16
106.97937 16
106.683254 16
106.20904 16
107.118845 16
107.118845 16
107.015848 16
106.97937 16
106.758356 16
106.451511 16
106.221914 16
106.981516 16
106.906414 16
107.030869 16
107.110262 16
106.751919 16
106.281996 16
107.002974 16
106.846333 16
106.876373 16
106.955767 16
107.05018 16
106.372118 16
107.10597 16
107.069492 16
106.947184 16
107.037306 16
106.790543 16
106.307745 16
106.771231 16
107.067347 16
107.058764 16
107.013702 16
107.159615 16
106.758356 16
106.324911 16
107.060909 16
107.108116 16
106.957912 16
107.028723 16
107.067347 16
106.176853 16
107.097387 16
107.097387 16
107.033014 16
107.084513 16
107.245445 16
106.586695 16
106.309891 16
107.10597 16
107.043743 16
107.086658 16
107.178926 16
106.445074 16
106.286287 16
107.219696 16
107.02014 16
107.181072 16
107.030869 16
106.934309 16
106.118917 16
106.833458 16
106.99439 16
107.108116 16
107.762575 16
107.080221 16
106.266975 16
106.606007 16
107.082367 16
106.947184 16
107.129574 16
106.977224 16
106.606007 16
106.316328 16
107.067347 16
107.357025 16
107.14674 16
107.030869 16
106.646776 16
106.530905 16
107.063055 16
107.189655 16
107.069492 16
107.095242 16
106.882811 16
106.361389 16
106.590986 16
107.080221 16
107.713223 16
107.114553 16
107.157469 16
106.284142 16
106.339931 16
106.96435 16
107.361317 16
107.080221 16
107.299089 16
106.837749 16
106.434345 16
107.206821 16
107.112408 16
107.129574 16
107.058764 16
106.97937 16
106.384993 16
106.354952 16
107.033014 16
107.028723 16
107.058764 16
106.990099 16
106.771231 16
106.258392 16
107.185364 16
107.045889 16
107.142448 16
107.028723 16
106.715441 16
106.234789 16
107.030869 16
107.041597 16
107.058764 16
107.022285 16
106.917143 16
106.479406 16
107.022285 16
107.093096 16
106.953621 16
106.927872 16
106.947184 16
106.554508 16
106.485844 16
107.118845 16
107.056618 16
107.007265 16
107.033014 16
106.824875 16
106.241226 16
106.914997 16
106.945038 16
106.876373 16
106.837749 16
106.947184 16
106.086731 16
106.648922 16
106.85277 16
106.863499 16
106.769085 16
106.812 16
106.039524 16
106.033087 16
106.569529 16
106.475115 16
106.32062 16
106.091022 16
105.610371 16
104.445219 16
105.314255 16
105.337858 16
105.438709 16
105.790615 16
103.889465 16
102.129936 16
102.147102 16
102.992535 16
102.715731 16
102.801561 16
102.784395 16
85.463762 8
84.38015 8
85.792065 8
85.940123 8
85.824251 8
85.564613 8
85.888624 8
85.210562 8
86.077452 8
85.978746 8
87.171793 8
87.043047 8
85.79421 8
85.182667 8
85.15048 8
86.006641 8
85.937977 8
85.873604 8
85.762024 8
85.124731 8
85.066795 8
85.993767 8
85.903645 8
85.809231 8
85.568905 8
85.506678 8
85.015297 8
85.858583 8
85.972309 8
85.897207 8
85.620403 8
85.736275 8
85.528135 8
85.755587 8
86.043119 8
85.972309 8
85.61182 8
85.665464 8
85.26206 8
85.103273 8
86.092472 8
85.989475 8
84.583998 8
84.573269 8
86.107492 8
86.124659 8
86.103201 8
85.828543 8
85.086107 8
84.536791 8
86.146116 8
86.051702 8
86.103201 8
85.813522 8
85.605383 8
84.523916 8
86.096764 8
86.131096 8
86.131096 8
85.869312 8
85.93154 8
85.088253 8
84.472418 8
86.094618 8
86.000204 8
85.798502 8
85.76417 8
85.000277 8
84.474564 8
86.060286 8
86.148262 8
86.092472 8
85.865021 8
85.869312 8
84.534645 8
86.006641 8
86.025953 8
86.038828 8
85.845709 8
85.886478 8
85.167646 8
85.440159 8
86.006641 8
86.077452 8
85.755587 8
85.845709 8
85.300684 8
84.523916 8
86.068869 8
86.083889 8
85.751295 8
85.729837 8
85.159063 8
84.54752 8
85.873604 8
86.131096 8
86.124659 8
85.725546 8
85.744858 8
84.575415 8
85.129023 8
86.081743 8
86.036682 8
85.689068 8
85.686922 8
85.648298 8
84.459543 8
86.07316 8
86.036682 8
85.824251 8
85.755587 8
85.669756 8
84.444523 8
85.922956 8
85.886478 8
85.76417 8
85.547447 8
85.418701 8
84.483147 8
84.498167 8
85.772753 8
85.564613 8
85.212708 8
84.852219 8
84.006786 8
83.764315 8
85.669756 8
84.558249 8
85.796356 8
84.375858 8
84.28359 8
82.890987 8
84.515333 8
75.893641 4
75.756311 4
74.644804 4
73.54188 4
73.578358 4
75.10829 4
75.103998 4
74.636221 4
74.473143 4
74.305773 4
73.387384 4
75.035334 4
75.151205 4
74.704885 4
74.546099 4
74.779987 4
73.398113 4
74.923754 4
75.076103 4
75.033188 4
74.608326 4
74.790716 4
73.61269 4
75.230598 4
74.968815 4
75.073957 4
74.631929 4
74.745655 4
74.037552 4
73.220015 4
74.977398 4
75.013876 4
74.769258 4
74.666262 4
74.513912 4
73.265076 4
74.985981 4
75.039625 4
74.743509 4
74.573994 4
74.458122 4
73.46034 4
74.582577 4
75.041771 4
74.981689 4
74.634075 4
74.73278 4
74.108362 4
73.812246 4
75.069666 4
75.168371 4
74.711323 4
74.619055 4
74.164152 4
74.280024 4
75.389385 4
75.912952 4
76.479435 4
76.230526 4
76.57814 4
75.237036 4
