103.593349 16.000
105.363607 15.999
105.076075 15.998
105.513811 15.997
105.657578 15.996
106.299162 15.995
106.884956 15.994
107.088804 15.993
106.951475 15.992
106.927872 15.991
106.762648 15.990
106.249809 15.989
107.099533 15.988
106.996536 15.987
106.919289 15.986
107.048035 15.984
107.07593 15.982
106.204748 15.980
106.511593 15.959
106.949329 15.938
107.10597 15.917
106.966496 15.896
107.110262 15.875
106.79698 15.854
106.206894 15.833
107.556581 15.812
107.015848 15.791
106.934309 15.77
106.97937 15.749
106.683254 15.728
106.20904 15.707
107.118845 15.686
107.118845 15.665
107.015848 15.644
106.97937 15.623
106.758356 15.602
106.451511 15.581
106.221914 15.560
106.981516 15.539
106.906414 15.518
107.030869 15.497
107.110262 15.476
106.751919 15.455
106.281996 15.434
107.002974 15.413
106.846333 15.392
106.876373 15.371
106.955767 15.350
107.05018 15.329
106.372118 15.308
107.10597 15.287
107.069492 15.266
106.947184 15.245
107.037306 15.224
106.790543 15.203
106.307745 15.182
106.771231 15.161
107.067347 15.140
107.058764 15.119
107.013702 15.098
107.159615 15.077
106.758356 15.056
106.324911 15.035
107.060909 15.014
107.108116 14.993
106.957912 14.972
107.028723 14.951
107.067347 14.930
106.176853 14.909
107.097387 14.888
107.097387 14.867
107.033014 14.846
107.084513 14.825
107.245445 14.804
106.586695 14.783
106.309891 14.762
107.10597 14.741
107.043743 14.720
107.086658 14.699
107.178926 14.678
106.445074 14.657
106.286287 14.636
107.219696 14.615
107.02014 14.594
107.181072 14.573
107.030869 14.552
106.934309 14.531
106.118917 14.510
106.833458 14.489
106.99439 14.468
107.108116 14.447
107.762575 14.426
107.080221 14.405
106.266975 14.384
106.606007 14.363
107.082367 14.342
106.947184 14.321
107.129574 14.300
106.977224 14.279
106.606007 14.258
106.316328 14.237
107.067347 14.216
107.357025 14.195
107.14674 14.174
107.030869 14.153
106.646776 14.132
106.530905 14.111
107.063055 14.090
107.189655 14.069
107.069492 14.048
107.095242 14.027
106.882811 14.006
106.361389 13.985
106.590986 13.964
107.080221 13.943
107.713223 13.922
107.114553 13.901
107.157469 13.880
106.284142 13.859
106.339931 13.838
106.96435 13.817
107.361317 13.796
107.080221 13.775
107.299089 13.754
106.837749 13.733
106.434345 13.712
107.206821 13.691
107.112408 13.670
107.129574 13.649
107.058764 13.628
106.97937 13.607
106.384993 13.586
106.354952 13.565
107.033014 13.544
107.028723 13.523
107.058764 13.502
106.990099 13.481
106.771231 13.460
106.258392 13.439
107.185364 13.418
107.045889 13.397
107.142448 13.376
107.028723 13.355
106.715441 13.334
106.234789 13.313
107.030869 13.292
107.041597 13.271
107.058764 13.250
107.022285 13.229
106.917143 13.208
106.479406 13.187
107.022285 13.166
107.093096 13.145
106.953621 13.124
106.927872 13.103
106.947184 13.082
106.554508 13.061
106.485844 13.040
107.118845 13.019
107.056618 12.998
107.007265 12.977
107.033014 12.956
106.824875 12.935
106.241226 12.914
106.914997 12.893
106.945038 12.872
106.876373 12.851
106.837749 12.830
106.947184 12.809
106.086731 12.788
106.648922 12.767
106.85277 12.746
106.863499 12.725
106.769085 12.704
106.812 12.683
106.039524 12.662
106.033087 12.641
106.569529 12.620
106.475115 12.599
106.32062 12.578
106.091022 12.557
105.610371 12.536
104.445219 12.515
105.314255 12.494
105.337858 12.473
105.438709 12.452
105.790615 12.431
103.889465 12.410
102.129936 12.389
102.147102 12.368
102.992535 12.347
102.715731 12.326
102.801561 12.305
102.784395 12.284
103.593349 12.263
105.363607 12.242
105.076075 12.221
105.513811 12.200
105.657578 12.179
106.299162 12.158
106.884956 12.137
107.088804 12.116
106.951475 12.095
106.927872 12.074
106.762648 12.053
106.249809 12.032
107.099533 12.011
106.996536 11.990
106.919289 11.969
107.048035 11.948
107.07593 11.927
106.204748 11.906
106.511593 11.885
106.949329 11.864
107.10597 11.843
106.966496 11.822
107.110262 11.801
106.79698 11.780
106.206894 11.759
107.556581 11.738
107.015848 11.717
106.934309 11.696
106.97937 11.675
106.683254 11.654
106.20904 11.633
107.118845 11.612
107.118845 11.591
107.015848 11.570
106.97937 11.549
106.758356 11.528
106.451511 11.507
106.221914 11.486
106.981516 11.465
106.906414 11.444
107.030869 11.423
107.110262 11.402
106.751919 11.381
106.281996 11.360
107.002974 11.339
106.846333 11.318
106.876373 11.297
106.955767 11.276
107.05018 11.255
106.372118 11.234
107.10597 11.213
107.069492 11.192
106.947184 11.171
107.037306 11.150
106.790543 11.129
106.307745 11.108
106.771231 11.087
107.067347 11.066
107.058764 11.045
107.013702 11.024
107.159615 11.003
106.758356 10.982
106.324911 10.961
107.060909 10.940
107.108116 10.919
106.957912 10.898
107.028723 10.877
107.067347 10.856
106.176853 10.853
107.097387 10.841
107.097387 10.793
107.033014 10.772
107.084513 10.751
107.245445 10.730
106.586695 10.709
106.309891 10.688
107.10597 10.667
107.043743 10.646
107.086658 10.625
107.178926 10.604
106.445074 10.583
106.286287 10.562
107.219696 10.541
107.02014 10.520
107.181072 10.499
107.030869 10.478
106.934309 10.475
106.118917 10.436
106.833458 10.415
106.99439 10.394
107.108116 10.373
107.762575 10.352
107.080221 10.331
106.266975 10.310
106.606007 10.289
107.082367 10.268
106.947184 10.247
107.129574 10.226
106.977224 10.205
106.606007 10.184
106.316328 10.163
107.067347 10.142
107.357025 10.121
107.14674 10.100
107.030869 10.079
106.646776 10.058
106.530905 10.037
107.063055 10.016
107.189655 9.995
107.069492 9.974
107.095242 9.953
106.882811 9.932
106.361389 9.911
106.590986 9.890
107.080221 9.869
107.713223 9.848
107.114553 9.827
107.157469 9.806
106.284142 9.785
106.339931 9.764
106.96435 9.743
107.361317 9.722
107.080221 9.701
107.299089 9.680
106.837749 9.659
106.434345 9.638
107.206821 9.617
107.112408 9.596
107.129574 9.575
107.058764 9.554
106.97937 9.533
106.384993 9.512
106.354952 9.491
107.033014 9.470
107.028723 9.449
107.058764 9.428
106.990099 9.407
106.771231 9.386
106.258392 9.365
107.185364 9.344
107.045889 9.323
107.142448 9.302
107.028723 9.281
106.715441 9.260
106.234789 9.239
107.030869 9.218
107.041597 9.197
107.058764 9.176
107.022285 9.155
106.917143 9.134
106.479406 9.113
107.022285 9.092
107.093096 9.071
106.953621 9.050
106.927872 9.029
106.947184 9.008
106.554508 8.987
106.485844 8.966
107.118845 8.945
107.056618 8.924
107.007265 8.903
107.033014 8.882
106.824875 8.861
106.241226 8.840
106.914997 8.819
106.945038 8.609
106.876373 8.588
106.837749 8.567
106.947184 8.546
106.086731 8.525
106.648922 8.504
106.85277 8.483
106.863499 8.462
106.769085 8.441
106.812 8.420
106.039524 8.399
106.033087 8.378
106.569529 8.375
106.475115 8.336
106.32062 8.315
106.091022 8.294
105.610371 8.273
104.445219 8.252
105.314255 8.231
105.337858 8.210
105.438709 8.189
105.790615 8.168
103.889465 8.147
102.129936 8.126
102.147102 8.105
102.992535 8.084
102.715731 8.063
102.801561 8.042
102.784395 8.021
85.463762 8.000
84.38015 7.860
85.792065 7.830
85.940123 7.800
85.824251 7.770
85.564613 7.740
85.888624 7.710
85.210562 7.680
86.077452 7.650
85.978746 7.620
87.171793 7.590
87.043047 7.560
85.79421 7.530
85.182667 7.500
85.15048 7.470
86.006641 7.440
85.937977 7.410
85.873604 7.380
85.762024 7.350
85.124731 7.320
85.066795 7.290
85.993767 7.260
85.903645 7.230
85.809231 7.200
85.568905 7.170
85.506678 7.140
85.015297 7.110
85.858583 7.080
85.972309 7.040
85.897207 7.010
85.620403 6.980
85.736275 6.950
85.528135 6.920
85.755587 6.890
86.043119 6.860
85.972309 6.830
85.61182 6.880
85.665464 6.870
85.26206 6.840
85.103273 6.810
86.092472 6.780
85.989475 6.750
84.583998 6.720
84.573269 6.690
86.107492 6.660
86.124659 6.630
86.103201 6.600
85.828543 6.570
85.086107 6.550
84.536791 6.520
86.146116 6.490
86.051702 6.460
86.103201 6.430
85.813522 6.400
85.605383 6.370
84.523916 6.340
86.096764 6.310
86.131096 6.280
86.131096 6.250
85.869312 6.220
85.93154 6.190
85.088253 6.160
84.472418 6.130
86.094618 6.100
86.000204 6.070
85.798502 6.040
85.76417 6.010
85.000277 5.980
84.474564 5.950
86.060286 5.920
86.148262 5.890
86.092472 5.860
85.865021 5.830
85.869312 5.800
84.534645 5.770
86.006641 5.740
86.025953 5.710
86.038828 5.680
85.845709 5.650
85.886478 5.620
85.167646 5.590
85.440159 5.560
86.006641 5.530
86.077452 5.500
85.755587 5.470
85.845709 5.440
85.300684 5.410
84.523916 5.380
86.068869 5.350
86.083889 5.320
85.751295 5.290
85.729837 5.260
85.159063 5.230
84.54752 5.200
85.873604 5.170
86.131096 5.140
86.124659 5.110
85.725546 5.080
85.744858 5.050
84.575415 5.020
85.129023 4.990
86.081743 4.960
86.036682 4.930
85.689068 4.900
85.686922 4.870
85.648298 4.840
84.459543 4.810
86.07316 4.780
86.036682 4.750
85.824251 4.720
85.755587 4.690
85.669756 4.660
84.444523 4.630
85.922956 4.600
85.886478 4.570
85.76417 4.540
85.547447 4.510
85.418701 4.480
84.483147 4.450
84.498167 4.420
85.772753 4.390
85.564613 4.360
85.212708 4.330
84.852219 4.300
84.006786 4.270
83.764315 4.240
85.669756 4.210
84.558249 4.180
85.796356 4.150
84.375858 4.120
84.28359 4.090
82.890987 4.060
84.515333 4.030
75.893641 3.965
75.756311 3.900
74.644804 3.835
73.54188 3.770
73.578358 3.705
75.10829 3.640
75.103998 3.575
74.636221 3.510
74.473143 3.445
74.305773 3.380
73.387384 3.315
75.035334 3.250
75.151205 3.185
74.704885 3.120
74.546099 3.055
74.779987 2.990
73.398113 2.925
74.923754 2.860
75.076103 2.795
75.033188 2.730
74.608326 2.665
74.790716 2.600
73.61269 2.535
75.230598 2.470
74.968815 2.405
75.073957 2.340
74.631929 2.275
74.745655 2.210
74.037552 2.145
73.220015 2.080
74.977398 2.015
75.013876 1.950
74.769258 1.885
74.666262 1.820
74.513912 1.755
73.265076 1.690
74.985981 1.625
75.039625 1.560
74.743509 1.495
74.573994 1.430
74.458122 1.365
73.46034 1.300
74.582577 1.235
75.041771 1.170
74.981689 1.105
74.634075 1.040
74.73278 0.975
74.108362 0.910
73.812246 0.845
75.069666 0.780
75.168371 0.715
74.711323 0.650
74.619055 0.585
74.164152 0.520
74.280024 0.445
75.389385 0.390
75.912952 0.325
76.479435 0.260
76.230526 0.195
76.57814 0.130
75.237036 0.065
