Copy: 3647.5 0.167353 0.166689 0.168335 Scale: 3411.5 0.178984 0.178221 0.180607 Add: 4758.8 0.192602 0.191645 0.194648 Triad: 4635.1 0.204794 0.196759 0.258031 Unixtime: 1399886294 
Copy: 3446.4 0.168476 0.167129 0.169921 Scale: 3228.3 0.179106 0.178424 0.179956 Add: 4502.5 0.192803 0.191895 0.193851 Triad: 4382.9 0.197761 0.197129 0.198402 Unixtime: 1399886331 
Copy: 4561.1 0.119986 0.119269 0.121486 Scale: 3491.0 0.156623 0.155830 0.157992 Add: 4708.7 0.174658 0.173297 0.176489 Triad: 4546.4 0.180113 0.179483 0.181178 Unixtime: 1399886362 
Copy: 4324.2 0.119927 0.118403 0.121166 Scale: 3296.3 0.156408 0.155325 0.157567 Add: 4443.9 0.174306 0.172821 0.175466 Triad: 4302.7 0.179540 0.178494 0.180990 Unixtime: 1399886389 
Copy: 4067.1 0.119372 0.118019 0.120277 Scale: 3091.6 0.156358 0.155261 0.157396 Add: 4175.7 0.173760 0.172428 0.174949 Triad: 4044.0 0.179397 0.178040 0.180897 Unixtime: 1399886416 
Copy: 3782.1 0.119079 0.118452 0.120089 Scale: 2887.5 0.155861 0.155153 0.156796 Add: 3890.4 0.173437 0.172733 0.175661 Triad: 3779.5 0.179070 0.177803 0.181243 Unixtime: 1399886445 
Copy: 3531.9 0.119094 0.117784 0.122084 Scale: 2689.7 0.155924 0.154662 0.156802 Add: 3618.4 0.173428 0.172454 0.174078 Triad: 3499.8 0.178926 0.178298 0.179469 Unixtime: 1399886470 
Copy: 3245.4 0.118992 0.118321 0.120257 Scale: 2471.2 0.155990 0.155393 0.156464 Add: 3320.6 0.174517 0.173463 0.175797 Triad: 3215.9 0.179848 0.179110 0.181951 Unixtime: 1399886500 
Copy: 2998.9 0.119224 0.117377 0.123722 Scale: 2273.9 0.156520 0.154797 0.159275 Add: 3061.9 0.174541 0.172444 0.178030 Triad: 2968.3 0.180297 0.177877 0.185052 Unixtime: 1399886524 
Copy: 2723.9 0.118899 0.117479 0.119993 Scale: 2058.7 0.155908 0.155436 0.156304 Add: 2786.8 0.173141 0.172238 0.174594 Triad: 2696.7 0.179157 0.177997 0.180494 Unixtime: 1399886547 
Copy: 2448.0 0.118864 0.117646 0.119972 Scale: 1861.0 0.155858 0.154753 0.156428 Add: 2514.3 0.172754 0.171814 0.173427 Triad: 2430.3 0.178843 0.177758 0.181545 Unixtime: 1399886569 
Copy: 2180.0 0.118105 0.117432 0.119341 Scale: 1656.2 0.155246 0.154572 0.155722 Add: 2230.6 0.173438 0.172149 0.174950 Triad: 2165.3 0.178425 0.177341 0.179588 Unixtime: 1399886591 
Copy: 1915.5 0.117557 0.116941 0.118534 Scale: 1453.5 0.154853 0.154114 0.155853 Add: 1961.4 0.172661 0.171310 0.174295 Triad: 1894.0 0.178136 0.177401 0.179231 Unixtime: 1399886616 
Copy: 1636.9 0.118082 0.117298 0.119513 Scale: 1242.9 0.155135 0.154476 0.155901 Add: 1675.9 0.172744 0.171843 0.174263 Triad: 1623.0 0.178294 0.177452 0.179510 Unixtime: 1399886636 
Copy: 1369.0 0.117773 0.116873 0.118559 Scale: 1038.9 0.154694 0.154012 0.155740 Add: 1400.3 0.172341 0.171389 0.173689 Triad: 1357.5 0.178160 0.176800 0.179903 Unixtime: 1399886657 
Copy: 1097.3 0.117351 0.116652 0.118569 Scale: 834.1 0.154272 0.153458 0.155590 Add: 1121.8 0.172112 0.171156 0.173566 Triad: 1083.6 0.178102 0.177191 0.179136 Unixtime: 1399886677 
Copy: 3654.7 0.166872 0.166362 0.167203 Scale: 3422.4 0.178724 0.177653 0.181727 Add: 4769.1 0.193132 0.191230 0.198800 Triad: 4644.5 0.197179 0.196361 0.199074 Unixtime: 1399886710 
Copy: 3444.6 0.168217 0.167218 0.169363 Scale: 3234.1 0.178602 0.178104 0.178801 Add: 4506.2 0.192565 0.191735 0.193815 Triad: 4390.4 0.197765 0.196795 0.199020 Unixtime: 1399886880 
Copy: 4587.7 0.119368 0.118579 0.120837 Scale: 3476.4 0.157179 0.156486 0.157912 Add: 4725.2 0.174122 0.172692 0.175840 Triad: 4554.5 0.179831 0.179162 0.180316 Unixtime: 1399887227 
Copy: 4328.4 0.119462 0.118288 0.120897 Scale: 3292.0 0.156568 0.155527 0.157517 Add: 4435.2 0.174103 0.173162 0.177206 Triad: 4301.2 0.179683 0.178554 0.180758 Unixtime: 1399887312 
Copy: 4066.3 0.119151 0.118044 0.120900 Scale: 3083.6 0.156600 0.155662 0.157519 Add: 4172.0 0.173625 0.172577 0.175184 Triad: 4032.1 0.179416 0.178569 0.180567 Unixtime: 1399887386 
Copy: 3796.1 0.119397 0.118016 0.120734 Scale: 2896.3 0.155925 0.154680 0.157708 Add: 3892.2 0.173699 0.172654 0.174580 Triad: 3769.6 0.179479 0.178269 0.181086 Unixtime: 1399887454 
Copy: 3536.6 0.118287 0.117628 0.119048 Scale: 2685.7 0.155875 0.154895 0.156582 Add: 3615.9 0.173161 0.172570 0.174398 Triad: 3508.8 0.178883 0.177840 0.180470 Unixtime: 1399887565 
Copy: 3259.6 0.119389 0.117805 0.120756 Scale: 2475.3 0.156244 0.155131 0.157574 Add: 3324.5 0.174401 0.173259 0.175143 Triad: 3229.2 0.179410 0.178373 0.180197 Unixtime: 1399887703 
Copy: 2995.2 0.118676 0.117523 0.119410 Scale: 2272.0 0.155935 0.154929 0.156653 Add: 3066.8 0.173610 0.172169 0.175068 Triad: 2962.6 0.179441 0.178223 0.180159 Unixtime: 1399887830 
Copy: 2706.7 0.118804 0.118226 0.119403 Scale: 2061.5 0.156147 0.155225 0.157693 Add: 2785.0 0.173483 0.172349 0.174354 Triad: 2704.7 0.180051 0.177472 0.189344 Unixtime: 1399888013 
Copy: 2446.6 0.118332 0.117715 0.119217 Scale: 1860.5 0.155527 0.154795 0.156465 Add: 2515.0 0.173014 0.171768 0.174495 Triad: 2424.5 0.179309 0.178184 0.180231 Unixtime: 1399888227 
Copy: 2178.6 0.118578 0.117504 0.119741 Scale: 1656.8 0.155117 0.154515 0.156991 Add: 2236.0 0.172747 0.171733 0.176177 Triad: 2160.8 0.178719 0.177716 0.180019 Unixtime: 1399888369 
Copy: 1915.8 0.118001 0.116924 0.119131 Scale: 1452.8 0.154963 0.154190 0.155980 Add: 1961.4 0.171853 0.171310 0.173377 Triad: 1898.7 0.177835 0.176966 0.179207 Unixtime: 1399888558 
Copy: 1635.7 0.118067 0.117383 0.119021 Scale: 1244.6 0.155057 0.154267 0.156815 Add: 1678.2 0.172561 0.171617 0.173728 Triad: 1623.0 0.178757 0.177453 0.179915 Unixtime: 1399888719 
Copy: 1368.1 0.117985 0.116951 0.119124 Scale: 1040.0 0.154702 0.153839 0.156066 Add: 1404.5 0.171880 0.170877 0.173171 Triad: 1353.4 0.178386 0.177327 0.179451 Unixtime: 1399888835 
Copy: 1095.7 0.117429 0.116824 0.118530 Scale: 831.9 0.155588 0.153858 0.161010 Add: 1120.7 0.172000 0.171315 0.173797 Triad: 1084.5 0.177820 0.177043 0.178850 Unixtime: 1399888875
