---
108.882666 4
108.848333 4
108.625174 4
108.017921 4
108.949184 4
108.537197 4
108.53076 4
108.217478 4
108.565092 4
109.526396 4
110.125065 4
110.20875 4
108.620882 4
108.605862 4
108.369827 4
107.964277 4
108.556509 4
108.487844 4
108.532906 4
108.58655 4
108.565092 4
107.981443 4
108.61659 4
108.623028 4
108.584404 4
108.485699 4
108.408451 4
107.99861 4
107.910633 4
108.547926 4
108.54578 4
108.537197 4
108.487844 4
107.970715 4
107.899904 4
108.517885 4
108.620882 4
108.575821 4
108.620882 4
108.522177 4
107.914925 4
108.511448 4
108.472824 4
108.485699 4
108.485699 4
108.522177 4
107.985735 4
108.505011 4
108.53076 4
108.565092 4
108.487844 4
108.541489 4
107.816219 4
107.891321 4
108.788252 4
109.369755 4
107.876301 4
109.296799 4
107.414961 4
107.123137 4
107.777596 4
107.726097 4
