109.324694 16
110.195875 16
110.625029 16
110.672235 16
110.745192 16
112.272978 16
113.204241 16
112.687111 16
112.95104 16
114.682674 16
114.347935 16
113.386631 16
114.568949 16
112.631321 16
112.590551 16
113.307238 16
113.290071 16
113.335133 16
112.929583 16
112.725735 16
113.302946 16
113.142014 16
113.146305 16
113.998175 16
113.204241 16
112.680674 16
113.320112 16
113.395214 16
113.328695 16
113.287926 16
113.262177 16
112.734318 16
112.543344 16
113.197803 16
113.060474 16
112.633467 16
113.352299 16
113.414526 16
113.277197 16
113.240719 16
112.918854 16
112.715006 16
112.852335 16
113.448858 16
113.343716 16
113.307238 16
113.3008 16
112.813711 16
112.669945 16
113.367319 16
113.307238 16
113.317966 16
113.307238 16
113.240719 16
112.672091 16
113.272905 16
113.388777 16
113.335133 16
113.410234 16
113.390923 16
112.702131 16
112.723589 16
113.253593 16
113.281488 16
113.21497 16
113.339424 16
112.873793 16
112.682819 16
113.393068 16
113.350153 16
113.35659 16
113.354445 16
113.369465 16
112.732172 16
113.332987 16
113.420963 16
113.373756 16
113.360882 16
113.393068 16
112.981081 16
112.736464 16
113.180637 16
113.28578 16
113.399506 16
113.275051 16
112.837315 16
112.682819 16
113.358736 16
113.296509 16
113.294363 16
113.283634 16
113.069057 16
112.654924 16
113.302946 16
113.41238 16
113.322258 16
113.444567 16
113.378048 16
113.28578 16
112.757921 16
113.268614 16
113.257885 16
113.206387 16
113.315821 16
113.017559 16
112.672091 16
113.315821 16
113.431692 16
113.369465 16
113.290071 16
113.242865 16
112.581968 16
113.099098 16
113.315821 16
113.375902 16
113.317966 16
113.459587 16
112.802982 16
112.680674 16
113.343716 16
113.375902 16
113.408089 16
113.328695 16
113.075495 16
112.569094 16
113.339424 16
113.472462 16
113.395214 16
113.332987 16
113.324404 16
112.693548 16
113.028288 16
113.320112 16
113.34157 16
113.279343 16
113.255739 16
112.693548 16
112.708569 16
113.373756 16
113.290071 16
113.367319 16
113.363028 16
113.116264 16
112.631321 16
113.287926 16
113.223553 16
113.172054 16
113.365173 16
113.330841 16
112.740755 16
113.251448 16
113.262177 16
113.28578 16
113.247156 16
113.182783 16
112.566948 16
112.644196 16
113.255739 16
113.311529 16
113.290071 16
113.337278 16
112.953186 16
112.539053 16
113.131285 16
113.199949 16
113.169909 16
113.232136 16
113.249302 16
112.910271 16
113.21497 16
113.167763 16
113.109827 16
113.034725 16
113.039017 16
112.498283 16
112.300873 16
112.860918 16
112.886667 16
112.826586 16
112.633467 16
111.921072 16
111.521959 16
111.547709 16
111.48119 16
111.564875 16
111.560583 16
111.599207 16
110.646486 16
108.906269 16
109.208822 16
109.105825 16
108.947039 16
108.462095 16
108.811855 16
109.150887 16
