---
73.471069 4
74.968815 4
75.103998 4
74.876547 4
74.810028 4
74.966669 4
73.492527 4
74.973106 4
75.013876 4
75.36149 4
74.681282 4
74.867964 4
73.784351 4
74.280024 4
74.949503 4
75.050354 4
74.64695 4
74.73278 4
74.112654 4
73.539734 4
74.99671 4
74.964523 4
75.732708 4
76.977253 4
73.288679 4
74.569702 4
75.086832 4
75.088978 4
74.55039 4
74.687719 4
74.110508 4
73.928118 4
75.10829 4
75.116873 4
74.623346 4
74.599743 4
74.067593 4
73.260784 4
75.103998 4
75.151205 4
75.058937 4
74.599743 4
74.473143 4
73.355198 4
74.215651 4
75.144768 4
75.146914 4
74.722052 4
74.818611 4
73.494673 4
73.546171 4
75.155497 4
75.376511 4
75.715542 4
75.833559 4
76.790571 4
76.301336 4
76.421499 4
76.713324 4
76.04599 4
