---
110.468388 8
110.086441 8
111.882448 8
111.526251 8
110.191584 8
111.397505 8
111.706495 8
110.633612 8
110.640049 8
110.114336 8
110.092878 8
110.369682 8
110.504866 8
110.530615 8
110.552073 8
110.55851 8
110.118628 8
110.245228 8
110.642195 8
110.579967 8
110.507011 8
110.507011 8
110.386848 8
109.977007 8
110.622883 8
110.625029 8
110.588551 8
110.545635 8
110.180855 8
109.884739 8
110.569239 8
110.552073 8
110.594988 8
110.625029 8
110.40616 8
109.979153 8
110.78167 8
110.67009 8
110.547781 8
110.603571 8
110.567093 8
110.22377 8
110.421181 8
110.652924 8
110.655069 8
110.607862 8
110.665798 8
110.08215 8
109.983444 8
110.618591 8
110.646486 8
110.67009 8
110.702276 8
110.062838 8
109.987736 8
110.582113 8
110.6143 8
110.599279 8
110.545635 8
110.519886 8
109.968424 8
110.303164 8
110.758066 8
110.650778 8
110.618591 8
110.625029 8
110.44693 8
110.022068 8
110.625029 8
110.592842 8
110.603571 8
110.635757 8
110.367537 8
109.998465 8
110.650778 8
110.599279 8
110.610008 8
110.554218 8
110.322475 8
110.086441 8
110.090733 8
110.560656 8
110.543489 8
110.539198 8
110.569239 8
110.386848 8
109.912634 8
110.594988 8
110.7409 8
110.571384 8
110.625029 8
110.584259 8
109.983444 8
110.586405 8
110.594988 8
110.55851 8
110.513449 8
110.436201 8
109.833241 8
110.511303 8
110.616446 8
110.70013 8
110.610008 8
110.532761 8
110.067129 8
110.281706 8
110.511303 8
110.528469 8
110.543489 8
110.532761 8
110.498428 8
109.863281 8
110.472679 8
110.401869 8
110.470533 8
110.6143 8
110.361099 8
109.773159 8
110.27956 8
110.215187 8
110.067129 8
109.923363 8
109.633684 8
108.974934 8
109.442711 8
109.919071 8
108.848333 8
109.331131 8
108.882666 8
108.552217 8
109.032869 8
109.294653 8
109.275341 8
