---
85.965872 8
86.24053 8
85.856438 8
85.839272 8
85.79421 8
85.751295 8
85.277081 8
85.146189 8
85.940123 8
86.158991 8
85.684776 8
85.895061 8
85.729837 8
85.103273 8
85.663319 8
85.90579 8
85.991621 8
85.828543 8
85.727692 8
85.547447 8
85.122585 8
85.897207 8
85.944414 8
85.880041 8
85.841417 8
85.76417 8
85.131168 8
85.759878 8
85.860729 8
85.832834 8
85.847855 8
85.742712 8
85.193396 8
85.678339 8
85.899353 8
85.817814 8
85.770607 8
85.719109 8
85.362911 8
85.410118 8
85.916519 8
86.006641 8
85.792065 8
85.800648 8
85.772753 8
85.006714 8
85.747004 8
85.942268 8
85.832834 8
85.899353 8
85.171938 8
85.13546 8
86.150408 8
86.178303 8
86.053848 8
85.922956 8
85.330725 8
84.590435 8
86.066723 8
86.103201 8
86.064577 8
85.89077 8
85.815668 8
84.616184 8
85.472345 8
86.120367 8
86.156845 8
85.884333 8
85.811377 8
84.594727 8
84.892988 8
86.11393 8
86.152554 8
85.858583 8
85.877895 8
84.974527 8
84.629059 8
86.189032 8
86.161137 8
86.006641 8
85.871458 8
85.710526 8
84.54752 8
86.116076 8
86.135387 8
86.11393 8
85.865021 8
85.920811 8
84.895134 8
86.05814 8
86.137533 8
86.088181 8
85.927248 8
85.83498 8
84.899426 8
84.573269 8
86.094618 8
86.092472 8
85.96158 8
85.841417 8
85.002422 8
84.571123 8
86.064577 8
86.107492 8
85.980892 8
85.815668 8
85.892916 8
84.553957 8
85.665464 8
86.045265 8
86.066723 8
85.813522 8
85.800648 8
85.236311 8
85.026026 8
85.916519 8
85.903645 8
85.581779 8
85.515261 8
84.92732 8
83.935976 8
85.141897 8
85.124731 8
85.272789 8
85.086107 8
84.049702 8
83.041191 8
84.122658 8
84.614038 8
84.45096 8
84.386587 8
84.315777 8
