105.076075 16
105.125427 16
105.346441 16
105.792761 16
106.40645 16
106.324911 16
107.041597 16
106.919289 16
106.953621 16
108.3076 16
107.977152 16
106.807709 16
107.037306 16
107.028723 16
106.921434 16
106.882811 16
106.640339 16
106.764793 16
106.977224 16
106.927872 16
106.846333 16
106.957912 16
106.556654 16
106.309891 16
107.376337 16
107.037306 16
106.981516 16
106.837749 16
106.945038 16
106.550217 16
106.74119 16
107.033014 16
107.041597 16
106.919289 16
106.945038 16
106.498718 16
106.344223 16
106.949329 16
107.022285 16
106.876373 16
106.927872 16
106.67038 16
106.408596 16
107.011557 16
106.987953 16
107.017994 16
106.850624 16
106.831312 16
106.509447 16
106.464386 16
106.953621 16
107.013702 16
107.086658 16
106.945038 16
106.75621 16
106.415033 16
106.968641 16
107.052326 16
106.962204 16
106.818438 16
107.03516 16
106.556654 16
107.024431 16
107.082367 16
107.108116 16
106.932163 16
106.960058 16
106.436491 16
106.425762 16
107.10597 16
107.320547 16
106.930017 16
106.934309 16
106.642485 16
106.397867 16
107.048035 16
107.436419 16
107.116699 16
106.863499 16
108.410597 16
106.505156 16
107.063055 16
107.082367 16
107.048035 16
106.985807 16
107.151031 16
106.395721 16
107.112408 16
106.977224 16
107.191801 16
106.919289 16
106.981516 16
106.423616 16
106.603861 16
108.567238 16
107.022285 16
107.155323 16
106.955767 16
107.16176 16
106.550217 16
107.151031 16
107.588768 16
107.110262 16
106.97937 16
106.99439 16
106.404305 16
106.985807 16
106.945038 16
107.037306 16
106.977224 16
106.930017 16
106.423616 16
106.539488 16
107.043743 16
107.185364 16
106.960058 16
106.880665 16
106.584549 16
106.357098 16
107.069492 16
107.120991 16
107.069492 16
106.930017 16
107.099533 16
106.702566 16
106.627464 16
107.045889 16
107.009411 16
106.878519 16
107.052326 16
106.387138 16
107.024431 16
107.065201 16
107.071638 16
106.938601 16
106.876373 16
106.305599 16
106.37641 16
107.013702 16
107.080221 16
107.048035 16
106.972933 16
106.698275 16
106.412888 16
107.045889 16
107.037306 16
107.088804 16
106.910706 16
106.957912 16
106.887102 16
106.872082 16
106.996536 16
106.968641 16
106.846333 16
106.930017 16
106.608152 16
106.423616 16
106.983662 16
106.962204 16
106.914997 16
106.736898 16
106.297016 16
106.876373 16
106.917143 16
106.919289 16
106.786251 16
106.842041 16
106.67038 16
106.631756 16
106.854916 16
106.854916 16
106.771231 16
106.651068 16
106.316328 16
106.011629 16
106.638193 16
106.524467 16
106.412888 16
106.226206 16
106.043816 16
105.136156 16
105.106115 16
105.335712 16
105.28636 16
105.157614 16
105.687618 16
105.213404 16
102.565527 16
104.192019 16
103.990316 16
102.883101 16
102.565527 16
102.595568 16
102.117062 16
---
85.965872 8
86.24053 8
85.856438 8
85.839272 8
85.79421 8
85.751295 8
85.277081 8
85.146189 8
85.940123 8
86.158991 8
85.684776 8
85.895061 8
85.729837 8
85.103273 8
85.663319 8
85.90579 8
85.991621 8
85.828543 8
85.727692 8
85.547447 8
85.122585 8
85.897207 8
85.944414 8
85.880041 8
85.841417 8
85.76417 8
85.131168 8
85.759878 8
85.860729 8
85.832834 8
85.847855 8
85.742712 8
85.193396 8
85.678339 8
85.899353 8
85.817814 8
85.770607 8
85.719109 8
85.362911 8
85.410118 8
85.916519 8
86.006641 8
85.792065 8
85.800648 8
85.772753 8
85.006714 8
85.747004 8
85.942268 8
85.832834 8
85.899353 8
85.171938 8
85.13546 8
86.150408 8
86.178303 8
86.053848 8
85.922956 8
85.330725 8
84.590435 8
86.066723 8
86.103201 8
86.064577 8
85.89077 8
85.815668 8
84.616184 8
85.472345 8
86.120367 8
86.156845 8
85.884333 8
85.811377 8
84.594727 8
84.892988 8
86.11393 8
86.152554 8
85.858583 8
85.877895 8
84.974527 8
84.629059 8
86.189032 8
86.161137 8
86.006641 8
85.871458 8
85.710526 8
84.54752 8
86.116076 8
86.135387 8
86.11393 8
85.865021 8
85.920811 8
84.895134 8
86.05814 8
86.137533 8
86.088181 8
85.927248 8
85.83498 8
84.899426 8
84.573269 8
86.094618 8
86.092472 8
85.96158 8
85.841417 8
85.002422 8
84.571123 8
86.064577 8
86.107492 8
85.980892 8
85.815668 8
85.892916 8
84.553957 8
85.665464 8
86.045265 8
86.066723 8
85.813522 8
85.800648 8
85.236311 8
85.026026 8
85.916519 8
85.903645 8
85.581779 8
85.515261 8
84.92732 8
83.935976 8
85.141897 8
85.124731 8
85.272789 8
85.086107 8
84.049702 8
83.041191 8
84.122658 8
84.614038 8
84.45096 8
84.386587 8
84.315777 8
---
73.471069 4
74.968815 4
75.103998 4
74.876547 4
74.810028 4
74.966669 4
73.492527 4
74.973106 4
75.013876 4
75.36149 4
74.681282 4
74.867964 4
73.784351 4
74.280024 4
74.949503 4
75.050354 4
74.64695 4
74.73278 4
74.112654 4
73.539734 4
74.99671 4
74.964523 4
75.732708 4
76.977253 4
73.288679 4
74.569702 4
75.086832 4
75.088978 4
74.55039 4
74.687719 4
74.110508 4
73.928118 4
75.10829 4
75.116873 4
74.623346 4
74.599743 4
74.067593 4
73.260784 4
75.103998 4
75.151205 4
75.058937 4
74.599743 4
74.473143 4
73.355198 4
74.215651 4
75.144768 4
75.146914 4
74.722052 4
74.818611 4
73.494673 4
73.546171 4
75.155497 4
75.376511 4
75.715542 4
75.833559 4
76.790571 4
76.301336 4
76.421499 4
76.713324 4
76.04599 4
