1400412361 80.08432
1400412371 79.69809
1400412381 78.15099
1400412392 77.99649
1400412402 78.59302
1400412412 78.50504
1400412422 76.473
1400412432 78.07374
1400412443 78.5265
1400412453 78.49217
1400412463 76.9515
1400412473 78.53508
1400412484 78.49431
1400412494 76.44939
1400412504 78.52006
1400412514 78.44496
1400412524 78.53937
1400412535 77.03948
1400412545 78.49217
1400412555 78.50719
1400412566 76.46227
1400412576 76.35069
1400412586 76.44939
1400412596 77.6124
1400412606 76.43652
1400412617 77.64029
1400412627 78.51148
1400412637 75.63829
1400412648 77.52013
1400412658 77.67248
1400412668 77.51369
1400412678 76.81847
1400412688 77.56734
1400412699 76.30134
1400412709 74.15342
1400412719 76.37858
1400412730 74.04399
1400412740 74.86153
1400412750 74.22638
1400412760 75.11043
1400412770 75.17695
1400412781 74.27144
1400412791 74.76282
1400412801 75.10614
1400412811 75.08898
1400412822 73.29297
1400412832 75.66619
1400412842 74.08905
1400412852 71.76948
1400412862 73.735
1400412873 71.87462
1400412883 73.9367
1400412893 70.79744
1400412904 74.73707
1400412914 74.265
1400412924 70.94979
1400412934 75.12546
1400412944 75.1555
1400412955 73.04835
1400412965 73.77791
1400412975 74.46671
1400412986 72.98827
1400412996 72.58272
1400413006 73.39811
1400413016 71.99693
1400413026 73.37666
1400413037 70.54424
1400413047 71.86174
1400413057 71.77806
1400413067 69.65804
1400413078 71.90466
1400413088 71.83599
1400413098 71.41972
1400413108 69.67306
1400413118 71.90681
1400413129 71.91753
1400413139 70.99271
1400413149 71.28024
1400413159 71.89822
1400413170 71.86389
1400413180 69.5529
1400413190 71.94543
1400413200 71.95401
1400413210 70.91761
1400413221 71.34461
1400413231 71.96259
