Copy: 3561.5 0.171306 0.170716 0.173047 Scale: 3358.4 0.182364 0.181039 0.183521 Add: 4587.7 0.199278 0.198794 0.200180 Triad: 4357.8 0.209804 0.209281 0.210897 Unixtime: 1400181971 
Copy: 3362.8 0.171650 0.171284 0.172318 Scale: 3165.4 0.182650 0.181965 0.183714 Add: 4343.1 0.200036 0.198937 0.201811 Triad: 4129.4 0.210234 0.209230 0.211971 Unixtime: 1400182003 
Copy: 3855.0 0.141965 0.141115 0.143061 Scale: 3249.1 0.168046 0.167429 0.169164 Add: 4138.4 0.197669 0.197179 0.198435 Triad: 3976.1 0.205655 0.205228 0.206301 Unixtime: 1400182033 
Copy: 3662.4 0.140295 0.139799 0.141540 Scale: 3070.5 0.167732 0.166749 0.170980 Add: 3919.3 0.196767 0.195954 0.197645 Triad: 3764.0 0.204857 0.204039 0.205870 Unixtime: 1400182062 
Copy: 3428.3 0.140505 0.140011 0.141816 Scale: 2882.1 0.167047 0.166548 0.168190 Add: 3668.4 0.197647 0.196273 0.200494 Triad: 3529.4 0.204767 0.203998 0.206462 Unixtime: 1400182090 
Copy: 3200.3 0.140791 0.139987 0.141756 Scale: 2682.6 0.167493 0.167001 0.168539 Add: 3428.6 0.196772 0.196000 0.197980 Triad: 3287.2 0.205396 0.204430 0.208358 Unixtime: 1400182118 
Copy: 3534.4 0.118808 0.117700 0.120967 Scale: 2690.2 0.156483 0.154633 0.161057 Add: 3624.2 0.174740 0.172174 0.178989 Triad: 3511.6 0.179239 0.177696 0.184268 Unixtime: 1400182144 
Copy: 3241.3 0.119044 0.118472 0.119597 Scale: 2474.4 0.156035 0.155187 0.156643 Add: 3330.1 0.174531 0.172968 0.177051 Triad: 3221.6 0.180582 0.178795 0.184821 Unixtime: 1400182169 
Copy: 2992.2 0.118362 0.117641 0.120196 Scale: 2269.9 0.156114 0.155072 0.157390 Add: 3056.8 0.173682 0.172730 0.174988 Triad: 2967.6 0.179071 0.177922 0.180313 Unixtime: 1400182193 
Copy: 2707.3 0.118641 0.118200 0.119172 Scale: 2057.9 0.157110 0.155498 0.161470 Add: 2774.1 0.174124 0.173030 0.175856 Triad: 2683.2 0.179796 0.178891 0.180905 Unixtime: 1400182217 
Copy: 2442.3 0.119005 0.117920 0.120470 Scale: 1860.9 0.155729 0.154761 0.156538 Add: 2511.1 0.174609 0.172039 0.184869 Triad: 2426.9 0.179152 0.178005 0.182198 Unixtime: 1400182240 
Copy: 2190.1 0.118549 0.116890 0.123551 Scale: 1663.7 0.156073 0.153871 0.161262 Add: 2240.9 0.172039 0.171361 0.173621 Triad: 2170.3 0.178601 0.176938 0.180070 Unixtime: 1400182262 
Copy: 1910.5 0.117997 0.117248 0.119981 Scale: 1451.3 0.155090 0.154340 0.156895 Add: 1957.1 0.172420 0.171679 0.173424 Triad: 1896.7 0.177897 0.177151 0.179132 Unixtime: 1400182284 
Copy: 1632.9 0.118329 0.117581 0.120244 Scale: 1241.6 0.155181 0.154645 0.156427 Add: 1675.1 0.172758 0.171927 0.173850 Triad: 1620.2 0.178737 0.177759 0.179949 Unixtime: 1400182306 
Copy: 1364.8 0.117992 0.117237 0.120040 Scale: 1037.2 0.156360 0.154260 0.162502 Add: 1396.4 0.172598 0.171869 0.173893 Triad: 1353.3 0.178285 0.177346 0.179059 Unixtime: 1400182327 
Copy: 1100.0 0.117057 0.116360 0.118034 Scale: 834.2 0.154053 0.153434 0.155324 Add: 1124.0 0.171723 0.170812 0.173432 Triad: 1085.2 0.177927 0.176921 0.180229 Unixtime: 1400182347 
Copy: 3557.3 0.171671 0.170915 0.172537 Scale: 3352.6 0.182004 0.181353 0.182972 Add: 4582.1 0.199368 0.199034 0.200636 Triad: 4363.4 0.210010 0.209009 0.213317 Unixtime: 1400182382 
Copy: 3369.3 0.171945 0.170955 0.173668 Scale: 3165.9 0.182805 0.181937 0.183984 Add: 4331.8 0.199991 0.199453 0.200795 Triad: 4129.0 0.209994 0.209254 0.210496 Unixtime: 1400182435 
Copy: 3870.1 0.141312 0.140565 0.142693 Scale: 3250.1 0.167961 0.167382 0.168781 Add: 4152.2 0.197755 0.196524 0.199650 Triad: 3981.2 0.205671 0.204964 0.206366 Unixtime: 1400182623 
Copy: 3643.7 0.140801 0.140516 0.142225 Scale: 3067.8 0.167814 0.166896 0.169123 Add: 3910.3 0.197440 0.196403 0.199184 Triad: 3755.8 0.205236 0.204486 0.206684 Unixtime: 1400182720 
Copy: 3435.2 0.140732 0.139728 0.142303 Scale: 2873.3 0.167629 0.167054 0.168694 Add: 3670.9 0.196880 0.196140 0.198382 Triad: 3531.7 0.204746 0.203865 0.206073 Unixtime: 1400182827 
Copy: 3223.0 0.140498 0.138999 0.144336 Scale: 2702.7 0.167240 0.165762 0.168913 Add: 3439.5 0.195911 0.195378 0.196682 Triad: 3311.2 0.203885 0.202945 0.205803 Unixtime: 1400182962 
Copy: 3538.3 0.118617 0.117570 0.119512 Scale: 2685.6 0.155653 0.154901 0.156584 Add: 3619.3 0.173348 0.172411 0.176087 Triad: 3505.4 0.178584 0.178013 0.180008 Unixtime: 1400183033 
Copy: 3245.5 0.119301 0.118319 0.120940 Scale: 2475.8 0.156437 0.155103 0.158271 Add: 3330.0 0.175328 0.172973 0.180544 Triad: 3230.8 0.180442 0.178284 0.184718 Unixtime: 1400183168 
Copy: 2989.2 0.118887 0.117758 0.120608 Scale: 2272.0 0.155522 0.154928 0.156173 Add: 3055.8 0.173928 0.172786 0.175512 Triad: 2961.5 0.179181 0.178290 0.180269 Unixtime: 1400183245 
Copy: 2719.3 0.118936 0.117676 0.120387 Scale: 2065.7 0.156170 0.154911 0.157379 Add: 2779.4 0.173950 0.172696 0.175501 Triad: 2693.7 0.179262 0.178196 0.181446 Unixtime: 1400183352 
Copy: 2447.3 0.118277 0.117683 0.119071 Scale: 1854.5 0.155748 0.155298 0.156367 Add: 2506.8 0.173103 0.172330 0.174033 Triad: 2420.1 0.179376 0.178504 0.180755 Unixtime: 1400183504 
Copy: 2187.7 0.119790 0.117019 0.124880 Scale: 1663.4 0.155333 0.153906 0.160934 Add: 2241.9 0.172569 0.171286 0.173751 Triad: 2150.2 0.178975 0.178591 0.180034 Unixtime: 1400183647 
Copy: 1913.4 0.117691 0.117071 0.118892 Scale: 1451.6 0.155396 0.154309 0.156539 Add: 1957.3 0.172427 0.171668 0.173644 Triad: 1894.4 0.178310 0.177368 0.181484 Unixtime: 1400183699 
Copy: 1632.5 0.117998 0.117608 0.119288 Scale: 1240.2 0.155406 0.154815 0.156569 Add: 1673.5 0.172951 0.172092 0.174378 Triad: 1621.1 0.178497 0.177662 0.179365 Unixtime: 1400183782 
Copy: 1365.2 0.118036 0.117197 0.119437 Scale: 1036.7 0.155221 0.154342 0.156317 Add: 1395.2 0.172928 0.172020 0.174131 Triad: 1353.7 0.177874 0.177286 0.179250 Unixtime: 1400183866 
Copy: 1099.0 0.117127 0.116471 0.118277 Scale: 833.8 0.154140 0.153510 0.155174 Add: 1120.8 0.172042 0.171303 0.173644 Triad: 1086.8 0.177692 0.176670 0.178969 Unixtime: 1400183953
